00000001010110110001111110011
00000010011001111011101011010
00000010101101000011111100111
00000100110011010111010110101
00000101011010000111111001110
10000101100110110100001011101
00000110000110111111101100100
10000110000001101100100111111
00000111110010101010011111000
00001001100110001110101101011
00001001110101110111001000110
00001010110100001111110011100
00001011010011100011100101101
00001011011101001000010111011
00001100001101011111011001001
00001101000011011001001111110
00001111001100100111100010011
00001111100101010100111110000
00010001111001101100111100010
00010011001100011101011010110
00010011100101111001001101001
00010011101011001110010001101
00010100001111111000010100111
00010101101000011111100111000
00010110010011110100111001001
00010110100111000111001011010
00010110111010010000101110110
00011000001001110101101110101
00011000011010011110110010011
00011001000111100100110011110
00011001100000101011010110111
00011010000110010010011111101
00011100010110101101000111001
10011100001100101001101001110
00011101011000110010001101011
00011110011001001111000100110
00011111001010001001111100001
00100000010101111100011111100
00100001011011101101000010111
00100001100001100111111011001
00100001111100100010100111110
00100011110011011001111000100
00100110011000011010110101101
00100111000101101011010001110
00100111001011010010011010011
00100111010110011100100011010
10100000011111010000101001111
00010100110101101010101010101
10101010100010110011110110000
00101011010000011111001110001
00101100010011100110101110010
00101100100111001001110010011
00101101000000111100111000111
00101101001110001110010110100
00101101110100000001011101101
00110000010011001011011101011
00110000110100011101100100111
00110001001110111010111001000
00110010001111001001100111100
00110010011100100111001001101
00110011000001010110101101110
00110100000010110011100011111
00110100001100000100111111011
10110100011000111001011010001
00110111010000100101110110100
00111000101101011010001110010
00111001011001010011010011100
00111010000101101110110100001
00111010110001000100011010111
00111100110010011110001001100
00111110010100010011111000010
01000000101011011000111111001
01000001001100101101110101101
01000010110111011010000101110
01000011000011001111110110010
01000011010000110110010011111
01000011111001000101001111100
01000100111010101011100100011
01000101101001110001110010110
01000111100110010011110001001
01001000111100100110011110001
01001001110010111100100110100
01001010000111111100001010011
01001011001001111010011100100
01001100000100111010110111010
01001100100011100010011001111
01001100110000010101101011011
01001110001011010110100011100
01001110010110000100110100111
01001110101100011001000110101
01010000001010101110001111110
01010000101101110110100001011
01010000110000110011111101100
01010000111110000001010011111
01010011100010100101101000111
01100011100111100000010110101
11000101010101000010011110110
01010110001001100011010111001
01010110100000011110011100011
01011000100111001101011100100
01011001001110010011100100110
01011010000001011001110001111
01011010011100011100101101000
01011011101000000010111011010
01011101000010110111011010000
01100000100110010110111010110
01100001101000011011001001111
01100010011101010101110010001
01100010110100101000111001011
01100100011110010011001111000
01100100111001001110010011010
01100101000011111110000101001
01100101100100101101001110010
01100110000010001101011011101
01100110010001110001001100111
01101000000101000111000111111
01101000010110111011010000101
01101000011000001001111110110
01101001110001010010110100011
01101011000100110001101011100
01101110100001001011101101000
01110001011010010100011100101
01110010100001111111000010100
01110010110010000110100111001
01110011001000111000100110011
01110100001011011101101000010
01110101100010001000110101110
01111001010000101111100001010
01111001100100011100010011001
01111100101000000111110000101
00101010101010110100000101111
11001001101101101011000011000
00001110011111100001011010100
00010011011111110110000110000
00110101110110100110010000011
00011011111100110000110000101
00011100111111000010110101000
00011111100011111010100000010
11111001000011001000101010101
00101101011101111001100100000
00100110111111001100001100001
01101011101101001100100000110
10101110110101010010000011001
10010101101011100011001100100
00110111111001000001100001011
10111001111100000101101010000
00111011010110101000001100110
00111111000111010101000000101
00111111001001101100001011000
01100100110111100101100001100
01000111001111100000101101010
01011010111011010011001000001
01001101111110011000011000010
01001111110001101101010000001
01110001110011110000001011010
01010110101110101100110010000
01010111011010111001000001100
01011010110101100001100110010
01011101101011000100000110011
01011111100100100110000101100
01110010011011100010110000110
11100111110000110110101000000
11110000111001101000000101101
01101011010111000110011001000
01101101011010100000110011001
01101111110010000011000010110
01111001001101100001011000011
01110011111100001011010100000
01111100011100110100000010110
01110110101101010000011001100
01111100100110110000101100001
01111110001110001010000001011
01111110010011011000010110000
11001000011001110101010101010
