$EXEC orbit
(26,4,9)(25,3,11)(24,5,10)(23,1,15)(22,0,17)(21,2,16)(20,7,12)(19,6,14)(18,8,13)
(26,24,25)(23,21,22)(20,18,19)(17,15,16)(14,12,13)(11,9,10)(8,6,7)(5,3,4)(2,0,1)
(26,20,23)(25,19,22)(24,18,21)(17,11,14)(16,10,13)(15,9,12)(8,2,5)(7,1,4)(6,0,3)
..
000000001001001100100000000
000000001010010010100000000
000000001010100001100000000
000000001100001010100000000
000000001100010001100000000
000000010000010011100000000
000000010001000101100000000
000000010001101100000000000
000000010010100010100000000
000000010100000110100000000
000000011001010000100000000
000000100000011100100000000
000000100000100011100000000
000000100001111000000000000
000000100101000100100000000
000000101000000101100000000
000000101101100000000000000
000000110000101000100000000
000000110001000010100000000
000001000010000011100000000
000001001110000000100000000
000001010000001001100000000
000001010100100000100000000
000001100010000100100000000
000001100100010000100000000
000010001000101000100000000
000010001010000100100000000
000010001110100000000000000
000010010000001010100000000
000010010000100100100000000
000010010011000000100000000
000010010100010000100000000
000011000010001000100000000
000011000100000001100000000
000011100000100000100000000
000100000000000111100000000
000100000010001001100000000
000100000100100010100000000
000100000100101100000000000
000100010001110000000000000
000100010110000000100000000
000100011000000001100000000
000100100000100100100000000
000100100001000001100000000
000100100001001100000000000
000100100010110000000000000
000100100100001000100000000
000100110100100000000000000
000101000000010001100000000
000101000110100000000000000
000110000000010010100000000
000110000010100000100000000
000110101100000000000000000
000111010100000000000000000
001000000000001011100000000
001000000100000101100000000
001000000100011100000000000
001000000101010000100000000
001000001001100000100000000
001000001010001100000000000
001000010010001000100000000
001000011100100000000000000
001000100001001000100000000
001000100100000010100000000
001000100100110000000000000
001001000011000000100000000
001001010010100000000000000
001010000010000001100000000
001010000011100000000000000
001010000100100000100000000
001011000000000010100000000
001100000000011000100000000
001100000000100001100000000
001100000001000100100000000
010000000000101100100000000
010000000001010100100000000
010000000010010001100000000
010000000011001000100000000
010000000101000001100000000
010000001000011000100000000
010000001000100010100000000
010000010000110000100000000
010001000001000010100000000
010001000100001000100000000
010001001000000001100000000
010001001010100000000000000
010001010001100000000000000
010001010110000000000000000
010001100100100000000000000
010010010000000001100000000
010010100000000010100000000
010100000000001010100000000
010100000010000100100000000
010100000101100000000000000
011000000010000010100000000
011000001110000000000000000
011011100000000000000000000
100000000001101000100000000
100000000010000101100000000
100000000010110000100000000
100000000111000000100000000
100000001100000100100000000
100000010011100000000000000
100000011110000000000000000
100000100000010001100000000
100000100010000010100000000
100000100110100000000000000
100001000001000001100000000
100001000100000010100000000
100001000100001100000000000
100010000000000011100000000
100010000100110000000000000
100011000001100000000000000
100100000100010000100000000
100101001100000000000000000
101000000000010100100000000
101000000001000010100000000
101000000001110000000000000
101000001010100000000000000
101000010000000001100000000
101001000110000000000000000
110000000000000110100000000
110000000000100001100000000
110000000001001100000000000
110000001100100000000000000
110010000010100000000000000
110011000100000000000000000
110100100100000000000000000
