$EXEC orbit
(23,16,11,5,22,17,10,4)(21,18,3,1,20,19,2,0)(15,12,8,6,14,13,9,7)
(23,8,16,20)(22,9,17,21)(19,1,18,0)(15,4,3,10)(14,5,2,11)(13,12)(7,6)
..
000000101101001000000000
000011011010000000000000
000101100110000000000000
010001011000100000000000
010011100010000000000000
010100001000110000000000
010100100100001000000000
010101010010000000000000
010110001000001000000000
010110010000100000000000
011000001000011000000000
011010001000100000000000
100001000100101000000000
100001101100000000000000
100010010100100000000000
100101011000000000000000
101001010000100000000000
101011001000000000000000
110000011000001000000000
110001100000100000000000
110010000100001000000000
111000101000000000000000
