$EXEC orbit
(0,3,6)(1,4,7)(2,5,8)(9,12,15)(10,13,16)(11,14,17)
(0,1,2)(3,4,5)(6,7,8)(9,10,11)(12,13,14)(15,16,17)
(0)(1,3,7,8,2,6,5,4)(9)(10,12,16,17,11,15,14,13)
..
00000000011000111100
00000001011001001100
00000001011010000110
00000001011100010010
00000001011101000001
00000001111000110000
01000000001000111001
01000000011001101000
01000000011010100100
01000001011000011000
01000001011001000010
01000001011010000001
01000001111100000000
10000000001001010110
10000000011000011010
10000000011000110001
10000000011010100010
10000001011001100000
10000001011100000100
10000001111000001000
00000000001001001111
00000000011001010011
00000000011010001011
00000000011011011000
00000000011100100011
00000000011101110000
00000000011110101000
00000000111001001001
00000000111001010100
00000000111001100010
00000011011000001010
00000011011000010001
00000011011000100100
00000011011011000000
00000011110000001100
00000011110000100001
00001001111000000001
11000000011000000011
11000000011001010000
11000000011010001000
11000000011100100000
00000000001010100111
00001010111000000100
11000000000000011110
11000011110000000000
00000000000000111111
00000000111000000111
00000111111000000000
..
# Nurmela et al.
