111111111000000000000000000000
000110100000011110000010100000
100010010100000100010010000110
100001001010010010001010000100
010000011010100100000010101000
010010001100010000000100110100
000000111000000110100101000100
011100000010000110010000010100
010000101100000011010010000001
110000100010010100000100000011
000101001000000101000000100111
100100010110000011000100100000
010101000100000100101110000000
101000001000001101000110010000
000001110010001101011000000000
001000110110010000100010010000
000000000010001000110110100101
000010011010001010000000010011
010100001010011001100001000000
010001010000010010110000100010
001011000100001011100000000100
100101000100011000010000010001
000110100000000001110100010010
110000010000000001101000010101
001010001000010100111000000001
000011010000010001000111000001
001001001110000000010101000010
010001100000001000000011010110
110010000000001010011101000000
000000000100010111001001010010
000110100110000000001001000101
101100000000000010100011000011
001100010000011000001100000110
101000100000010001010001100100
011010000011000001001010000010
011000010101001100000001000001
000100011001000000011011010000
010001000001100001010100001100
001000000000101000101001111000
001001100001000010001100100001
001100001101110010000000001000
100000101101001000101000000010
100010100001100000000010011001
100011000011000100100001100000
