# From moshe.milshtein@gmail.com Wed Mar 31 04:47:40 2021
# A(17,4,5) >= 444.
00000000001011110
00000000001101101
00000000010100111
00000000011001011
00000000011111000
00000000100111010
00000000110011001
00000000111010010
00000000111100100
00000001000010111
00000001000101011
00000001001110100
00000001010001101
00000001011010001
00000001100011100
00000001100100110
00000001101000011
00000001101101000
00000001110110000
00000010000011011
00000010001100110
00000010001110001
00000010010010101
00000010010101010
00000010100100011
00000010100110100
00000010101001100
00000010111000001
00000011000001110
00000011010011000
00000011010100100
00000011011000010
00000011100000101
00000011100010010
00000100000011101
00000100000110011
00000100010110100
00000100011100010
00000100100000111
00000100100101100
00000100101001001
00000100101010100
00000100110001010
00000100110100001
00000101001001010
00000101001100001
00000101010101000
00000101011000100
00000101100010001
00000110000111000
00000110001000101
00000110001010010
00000110010000011
00000110011001000
00000110110000100
00000111000001001
00000111000010100
00000111000100010
00000111101000000
00001000000110101
00001000001010011
00001000010010110
00001000010101100
00001000100001110
00001000101100010
00001000110000011
00001000111001000
00001001000110010
00001001001000110
00001001001011000
00001001010100001
00001001100001001
00001001110000100
00001010000000111
00001010000011100
00001010001001010
00001010010001001
00001010010110000
00001010011000100
00001010100101000
00001010101010000
00001011000010001
00001011001100000
00001100000011010
00001100000100110
00001100001001100
00001100001110000
00001100011000001
00001100110010000
00001101000000101
00001101010000010
00001101100100000
00001110000100001
00001110100000010
00010000000101110
00010000001100011
00010000010011100
00010000010110010
00010000011000101
00010000100001011
00010000100110001
00010000110000110
00010000110101000
00010001000011001
00010001001010010
00010001010000011
00010001011001000
00010001101000100
00010010000001101
00010010000010110
00010010001101000
00010010010100001
00010010011010000
00010010100011000
00010010101000010
00010011001000001
00010011100100000
00010100000101001
00010100001000110
00010100001011000
00010100010010001
00010100100010010
00010100101100000
00010101000001100
00010101000110000
00010101110000000
00010110000100100
00010110100000001
00011000001001001
00011000001010100
00011000010001010
00011000011100000
00011001000101000
00011001010010000
00011001100000010
00011010000100010
00011010110000000
00011011000000100
00011100000000011
00011100010000100
00011100100001000
00011101001000000
00011110000010000
00100000000111100
00100000001000111
00100000001110010
00100000010011010
00100000011010100
00100000011100001
00100000100010110
00100000100101001
00100000101011000
00100000110000101
00100001000110001
00100001001001100
00100001010100010
00100001100001010
00100001111000000
00100010000100101
00100010001001001
00100010010001100
00100010100010001
00100010101100000
00100010110000010
00100011000000011
00100011000101000
00100011001010000
00100100000101010
00100100001010001
00100100001100100
00100100100110000
00100100101000010
00100101000011000
00100101010000001
00100101100000100
00100110000000110
00100110010010000
00100110100001000
00101000000001101
00101000000100011
00101000001101000
00101000010010001
00101000011000010
00101000110100000
00101001000100100
00101001001000001
00101001100010000
00101010000010010
00101010100000100
00101011010000000
00101100000010100
00101100010001000
00101100100000001
00101110001000000
00110000000010011
00110000001001010
00110000010001001
00110000010100100
00110000100001100
00110000100100010
00110000110010000
00110001000010100
00110001001100000
00110001100000001
00110010000110000
00110010001000100
00110100000000101
00110100011000000
00110101000000010
00111000000000110
00111000000011000
00111000101000000
00111010000000001
00111100000100000
01000000000001111
01000000001011001
01000000010010011
01000000010101001
01000000011000110
01000000101001010
01000000101100001
01000000110001100
01000000110100010
01000001000111000
01000001001000101
01000001001100010
01000001010001010
01000001010010100
01000001101010000
01000001110000001
01000010000101100
01000010000110010
01000010001010100
01000010011100000
01000010100000110
01000010100001001
01000010110010000
01000011000100001
01000011001001000
01000100000010110
01000100001000011
01000100001101000
01000100010000101
01000100011010000
01000100100011000
01000101000100100
01000101100000010
01000110000001010
01000110000010001
01000110100100000
01000111010000000
01001000000101010
01001000001100100
01001000010011000
01001000100000101
01001000100010010
01001001000000011
01001001000001100
01001001011000000
01001010001000001
01001010010000010
01001011100000000
01001100000001001
01001100010100000
01001100101000000
01001101000010000
01001110000000100
01010000000011010
01010000000100101
01010000001001100
01010000001110000
01010000111000000
01010001000000110
01010001010100000
01010001100001000
01010010000000011
01010010010000100
01010011000010000
01010100000100010
01010100010001000
01010100100000100
01010101000000001
01010110001000000
01011000001000010
01011000010000001
01011010000001000
01100000000010101
01100000000100110
01100000010110000
01100000011001000
01100000100000011
01100000101000100
01100001000001001
01100001000010010
01100001100100000
01100010000011000
01100010001000010
01100010010000001
01100011000000100
01100100000001100
01100100000100001
01100100110000000
01100101001000000
01101000001010000
01101000010000100
01101000100001000
01101010000100000
01101100000000010
01110000000101000
01110000001000001
01110000010000010
01110010100000000
01110100000010000
01111001000000000
10000000000110110
10000000001010101
10000000001101010
10000000010110001
10000000011001100
10000000100001101
10000000100010011
10000000101000110
10000000101110000
10000000110010100
10000001000011010
10000001000101100
10000001001001001
10000001011100000
10000001100100001
10000001110000010
10000010000101001
10000010001000011
10000010001011000
10000010010000110
10000010100001010
10000010110100000
10000011000110000
10000011001000100
10000011010000001
10000100000100101
10000100010001001
10000100100100010
10000100111000000
10000101000000011
10000101001010000
10000101100001000
10000110000001100
10000110001100000
10000110100010000
10001000000001011
10001000001100001
10001000010000101
10001000010100010
10001000011010000
10001000100011000
10001001000010100
10001001010001000
10001001101000000
10001010000100100
10001010100000001
10001011000000010
10001100000010001
10001100000101000
10001100001000010
10001100100000100
10001110010000000
10010000000000111
10010000000111000
10010000001100100
10010000011000010
10010000101001000
10010000110000001
10010001000100010
10010001010000100
10010001100010000
10010010000010001
10010010100000100
10010100000001010
10010100000010100
10010100001000001
10010100010100000
10010111000000000
10011000000001100
10011000000010010
10011000100100000
10011001000000001
10011010001000000
10100000000001110
10100000000011001
10100000010000011
10100000100100100
10100000101000001
10100000110001000
10100001000000101
10100001001000010
10100001010010000
10100010000010100
10100010000100010
10100010011000000
10100011100000000
10100100000010010
10100100001001000
10100100010000100
10100101000100000
10101000000110000
10101000001000100
10101000100000010
10101010000001000
10110000000100001
10110000001010000
10110001000001000
10110100100000000
10111000010000000
11000000000011100
11000000000100011
11000000001010010
11000000010100100
11000000011000001
11000000100101000
11000001000010001
11000001100000100
11000010000000101
11000010010001000
11000010101000000
11000100000110000
11000100001000100
11000100010000010
11000100100000001
11001000000000110
11001000001001000
11001000110000000
11001001000100000
11001010000010000
11010000000001001
11010000010010000
11010000100000010
11010001001000000
11010010000100000
11011100000000000
11100000001100000
11100000100010000
11100110000000000
11101000000000001
11110000000000100
