11111111100000000000000
11100011000100010010100
10100101100000010100110
10100111010010000010010
10100111001000100000101
10100111000101000101000
10101011000010010100001
10101110010001010000100
10000111110100010000001
00101111001100010000010
11100110000000010001011
01100111010000110100000
11100110000010001100100
10101110000100001010001
10101011000000001001110
10100010010100011100010
11100011010001001000001
10110010100000011000101
10100010000001000110111
10100010010110000001101
11101010010000000111000
11101010000111000000010
11101010001000111000000
10100010000011011011000
10101001100101011000000
00100011001001011100100
00100011000100111001001
11000011100000011101000
11100100110000011010000
10000111100001001010100
00100110000000111010110
01100111001000001011000
10001110100010011000010
10100101100010001001001
00101111000011101000000
00100110011010011000001
10000101010011011100000
10000101000100011011010
10001110100000000101101
11000011100010000000111
11101000100000001100011
11001010110100001000100
11001010100001010010001
11101000100010010001100
11100100100101000000101
10101001110000000010101
10110010110101000010000
10110010100010000101010
11100001110110000100000
10100000100110001010110
11100001100001000011010
10101100110100000001010
10100000100100010111001
10101100100011000110000
10100000110011010000011
10100000110001001101100
11000110110001000100010
10000010100111010100100
10001011100100000110010
10000010100101001001011
10000010110000010011110
11000110100110000011000
10001011110011000001000
10000010110010001110001
10101001101010100000010
11000011111000100010000
10100000101001110010100
10001110101101100000000
10000010101010110001001
11100100101000100101000
10100000111100101000001
10000010101000101100110
10100010001100100011010
10100010011011100100000
11001000000110011110000
11001000010001011001010
01110010100000110011000
00111010101011010000000
01110010111000001100000
00111010100100101000010
00101010001010001110010
01100010011001010010010
01100010010110101010000
00101010011101001001000
01100010001110010101000
00101010010010110001010
00101010000101110110000
01100010000001101101010
01000010101010011010100
00101000100010111010001
01001011100110110000000
00001010100001111001100
00001010101100011100001
01001110100000101110000
01000010110000111000011
01100000100100111100100
01101001110000101001000
01100000101001011001001
00101000111000011000110
01001110111000010001000
01101001101000010110000
01101100101110001000000
01101100100001110000010
01001011101001001000010
00100100110010101100010
00100100101010010011010
00100100100101101011000
00000110100100110101010
00100001100011110101000
00000110110011110010000
00000011100010101011010
00000110101011001101000
00000011101101010011000
00100001111011001010000
00000011111010010100010
00100001110100110010010
00000110111100001010010
00000011110101101100000
00100001101100001101010
00100100111101010100000
00110011101000000010110
00110011110010100000001
00110110100001100100100
00110110101100000001001
00101000101101000010011
01100000101011000100110
01000010100101100010110
00101000110111100000100
00001010101110000001110
01100000100110100001011
01000010111111000000001
01100000111100000011100
00100001101110010000101
00100110001111000010100
01100010001100001000111
01101011011010000000100
00100011001011000001011
01100010000011110000101
00100011000110100100110
00000110101001010000111
00100110010101100000011
00100001100001101000111
00000110100110101000101
00001010100011100100011
01100101111000000000011
01100101100010100010100
01000111101100000100100
00101101101001000001100
01101110000100100001100
01000111100001100001001
01101110001001000100001
01101011000000100010011
00001111101010000010001
00101101100100100100001
00001111110000100000110
01000010101000000111011
00100100101000001110101
00000011111000001001101
00100011011100000110001
00100110011000000101110
00101000111010000101001
00101010001000010011101
00001010111001000110100
01100000110001100110001
00100110000010100111001
00000011100000110110101
00101010010000101100101
00101000100000100111110
00001010110100100011001
01000010110010100101100
00100011010001100011100
00100100110000110001101
10000000001101111101000
10000000011010111010010
11000100011001110000001
11001000011110100001000
10001001011001101000100
10000101001011100011000
11000100001100101010100
10000101011100100100010
11001000001001100110010
11000001001010110100100
10001100001000110001110
11000001001000101001011
10001001001100110010001
10001100001010101100001
10000000011000100111101
10000000001111100000111
11000100000001001111001
11000001000101001100110
11000100010110001000011
11000001000111010001001
11000001010000010110011
10001001010100001101001
10001100000101010100011
10001001000011001010011
00000001011101011000011
01001001000001111100001
00000001000101100111011
01001001001110000100011
01000000010111110100010
01000101001001010101010
01000000001111001011010
00000001001010011111001
00000100000011111001011
01000101000110101101000
01000101010001101010010
00001101001101001110000
01001100001000011010011
00000100010100111110001
00000100011011000110011
00001101000010110110010
01000000000010101110111
00000100001110011100110
01000101001011001000101
01000101011110010010000
01001100000111100010001
01000000001101010110101
01000101000100110000111
00000001000111111010100
11000100000011010010110
10000101000110000110101
01001001001100011001100
10001001010110010000110
00001101011010001001010
00000001010000111101110
00001000011100010111010
00001101010101110001000
11000100010100010101100
00001101011000010100101
00000001011111000101100
10001001000001010111100
01001001010100100110100
00001000000110110101101
10001100010000001110110
00001000001001001101111
01001100011101000000110
10000101010001000001111
01001100010000100101011
11001000000100000011111
01001001011001000011001
01000000011010010001111
01001001000011100001110
11001000010011000100101
00001000010001110010111
01000000010101101001101
10001100000111001001100
00001000010011101111000
00001101000000101011101
00000100010110100011110
00001000011110001010101
01001100001010000111100
11000001010010001011100
01001100010010111000100
10001100010010010011001
00000100011001011011100
01010000010110000111001
01010101010000011001001
00011101010100000010011
01011001000010010010101
00011000000101011011001
00010100000000010111111
00011101000011000101001
01011100000110010001010
01011100010001010110000
00010100010111010000101
00010001010011010011010
00011000010010011100011
00011101000001011000110
01010000000011011101100
01011001010111001000000
01011100000100001100101
01011001000000001111010
00010100010101001101010
00010001000110001001111
00010001010001001110101
01010101000101000011100
00011000000111000110110
01010000010100011010110
01010101010010000100110
10011100000100100111000
11011000000101110000100
10010000001110010011100
00011101001110100000100
11010001000110100010010
11010100000010100001101
10010000010110101100100
10011001000010111001000
10010101010000110010100
10010000000011110110001
10010000000001101011110
10010000010100110001011
10011001000000100100111
10011100010011100000010
10010101000101101000001
11010100000000111100010
11010001010001100101000
11011000010000101010001
10011001011010000110000
10010101001000001101100
11010001011100000000101
00010001011100101011000
10011100011100011000000
10011001001101000001010
11010100011000000011010
10010000001100001110011
10010101001010010000011
10011100001001000010101
11010100001111000100000
11010001001001011010000
11011000001010001000110
10010000011011001001001
10010000011001010100110
11011000001000010101001
00010001001011101100010
01011001011000110000010
00011000011101100100001
00010100011010110101000
00011000001000111110100
01011100001001101001000
00010100011000101000111
00010001001001110001101
00011000001010100011011
01010000001110111000001
01010000001100100101110
00010100001101110010010
01010000011011100010100
01010101001000100110001
00011011101000100101000
10111000110000110100000
10010011100001110000010
11010010100100100100001
10110001101001000100001
00110010001000110100011
10110011000000101110000
10010110101000010110000
00110000101110100110000
10111010001100000100100
00110101101000111000000
00010010111100110000100
00010010101001101010001
10010011101110001000000
01110011001101100000000
10110011011000010001000
10110110000110110000000
10110001100100100001100
11110000101100010000010
10111000101000001011000
00110010001010101001100
10111010000001100001001
00111110011000100010000
10010110110000101001000
00110000111001100001010
10110110001001001000010
10110100100000100010011
11110000100011101000000
10011010100010100010100
11010010101001000001100
10110100111010000000100
01010110101010100000010
11110010001010000010001
01111000101000100000101
11110010010000100000110
10011010111000000000011
01111010010100010000001
01011010100000010100110
01111010000001001010100
00111100100100010010100
01110001110001010000100
01010110100101011000000
00011011110000011010000
00011011100101000000101
01010110110000000010101
00110111010100001000100
00111100110001001000001
00110111000001010010001
01110001100100001010001
01110100100000001001110
00111110000010000000111
01011010100010001001001
01111000110010000010010
01110100100010010100001
00111001100010001100100
00111001100000010001011
01110011000010011000010
01110011000000000101101
00010111100000001100011
00111110000000011101000
00010111100010010001100
01110110010011000001000
00011110100001000011010
01010011100011000110000
00111011010001000100010
01111000100101000101000
00011110110110000100000
00111011000110000011000
00110101100111000000010
01110110000100000110010
01010011110100000001010
00110101110000000111000
00010010110001010101001
00110010010010010110100
00010010100110010010011
00110000100011000011101
00110000100001011110010
00110000110100000100111
00110010010000001011011
00010010100100001111100
00110010000111001100001
00010010110011001000110
00110000110110011001000
00110010000101010001110
