011100110101101010011100000
101010110000110101111100000
101001011110011101001010000
011111011011000010101010000
110110111110000001010110000
110101010000011110110110000
001001111010101110110001000
011011000011101101001101000
101110100110010110100011000
100000100111101001111011000
000111001101011001100111000
011011110101011100100000100
010110100010001111111000100
111100101001010011100100100
001010010111100111010010100
100011110001001011001110100
011000101110100100101110100
001110111010011000001101100
001101010100000111101101100
110101101011001100000011100
101001010011110000100111100
011110101011110100010000010
101011000011011011110000010
100101111001111000101000010
000010011110101011101100010
111001110100100011100010010
001111000100101100111010010
101100001101101111000001010
110000110110111100000101010
111101100010000000111101010
000110110000111011010011010
011001011101000100010111010
010100001010010111001111010
010111010001100001110100110
100001101100001101110100110
101100111000000110011010110
111110000010101010000110110
000101100101110110000110110
001000001001111001011110110
111010011010000101100001110
010011001100110010011001110
000001110011010101011001110
011110100101000001001011110
010000010001101110101011110
000010101011000010110111110
000110111101010111001000001
101100001110111000110100001
011010001000111111100010001
001011100111010000011110001
000101101000100011111110001
010011110010010011100101001
101000011011000011011101001
010000101001011100111101001
011101000110001011010011001
100110011001100100110011001
011101110000110100001011001
111010010100001000101111001
100101110111000010110000101
101000100011111110001000101
001111001001001110010100101
110100011000101101001100101
111001000001000101111010101
010000011111011010000110101
101111100000101001100001101
010100000111110101100001101
001000111100010001110011101
100010000010011101010111101
011011111000001001011000011
011000010110010110111000011
111111000100010101000100011
110001001011100110100100011
110010100101001110010010011
110010010011110001001010011
001100110010001101100110011
100111010010001110001001011
001110000001110010101101011
000011101110100101000011011
101001101000011010000111011
001101011010110011000000111
101010111101100000000100111
010001100010111000110010111
100100000100011011101010111
000011011000010100101110111
111100010001011000010001111
001001001111001000101001111
011000100000100111010101111
000100010110100000011111111
