1100010000000000000000000110
0000000100000000000001001101
0000000010001100000000000011
0111100000000000000000000001
0000011111000000000000000000
0000000000110110000000000100
0000000000000001111100000000
0000000000000000000010111010
1000000000100001000010000001
0100001000010000100001000000
0010000100001000010000100000
0001000010000000001000010100
0000100001000010000100001000
1000001000001000001000001000
0100000100000100000110000000
0010000010000011000001000000
0001000001100000100000100000
0000110000010000010000010000
1000000100000010100000010000
0100000010100000010000001000
0010000001010000001010000000
0001010000001000000101000000
0000101000000101000000100000
1000000010010000000100100000
0100000001001001000000010000
0010010000000100100000001000
0001001000000010010010000000
0000100000100000001001000010
1000000001000100010001000000
0000010000000010001000100001
0010001000100000000100010000
0001000100010001000000000010
0000100000001000100010000100
