00000010110001010011111
10000001011000101001111
11000000101100010100111
01100000010110001010111
10110000000011000101111
01011000001001100010111
00101100000100110001111
00010110001010011000111
00001011000101001100111
00000101100010100110111
00110111010101100001000
10011011101010110000000
01001101110101011000000
10100110110010101100000
11010011010001010110000
11101001100000101011000
01110100111000010101000
10111010011100001010000
11011101000110000101000
01101110101011000010000
00011010010000111101100
10001101001000011110100
01000110100100001111100
00100011011010000111100
10010001101101000011100
01001000111110100001100
10100100011111010000100
11010010000111101000100
01101001000011110100100
00110100100001111010100
00010010111111000100010
10001001010111100010010
11000100100011110001010
01100010011001111000010
10110001000100111100010
01011000100010011110010
00101100010001001111010
10010110001000100111010
01001011001100010011010
00100101101110001001010
00001110010110010110001
10000111000011001011001
01000011101001100101001
00100001111100110010001
10010000110110011001001
11001000011011001100001
11100100000101100110001
01110010000010110011001
00111001001001011001001
00011100101100101100001
01010101011010101010000
10101010100101010101000
00000000001111111111000
01111011110000000000011
