11000000000101000010001011110
00000001110100001000101111000
00001000101110000001000101110
00000110010000100100111100001
01000001000100110001001100101
00100010011000000010010111010
00011000000010010101110000101
00000100110011000000110010110
01001000000000001111011101000
00010100001000100011011000110
10100000000001001100110011001
00010010001100000101001011001
01000010000011100001010001011
00100000100000111001110100010
10000000101000010100011110100
00100100000100000111100110100
01010000010000011000011010011
00000011000001010011111010000
00001100000101001001101000011
00000101001010001001010110001
10000001000010100010110101100
10000010000110010000100110011
00110000010100100000100001111
00001001011001000000011001101
11000101100001101000011000000
00010111100110100001100000000
01001011110010010000010100000
01100111010101000000000010001
00101110101001000101010000000
11011001000110001000000001001
01011100110100000100001000100
01111010000100010011000000010
11010110000010000110010010000
10101001100101010000100000100
11100010100100100100000101000
10110100101100001000000010010
10110011001000110000010000001
10001111001100000010001100000
00111101010000001010110000000
00011000110000100011000110001
00111001000011100100001010000
00100011100010001100000000111
10010000000100111110101000000
00101000011100011100000100001
10000100001111100100000000101
01100000010001110110010000100
00010001011110010010000010100
00001010010111000110100001000
01000000100111011101000010000
00010000111010101100010001000
00100001001101101011000001000
00000010111101110000001000010
01000100010110101010000100010
10001000001011011010010000010
11101100000000000000010100111
01110001100000000001010011100
10011010100000000000111001010
10100000100110000011011000001
00010001000001010110000101011
01000010001000101010100010101
10001010010000011001000011100
11000100110000010010100001001
00010010100101001010010100100
10110100010011000001000101000
01110000101001000000101100001
11001000011010100001101000000
00100110001010010000101001100
01001101001000000100100011010
00001100000101110000010111000
10000101010100010101010000010
