00000000000000000111111111111111
00111111111111111000000000000000
01000001110101110010100101100110
01000011101011100101001011001100
01000111010111000010010110011001
01001110101110000100101100110010
01011101011100000001011001100101
01111010111000000010110011001010
01110101110000001101100110010100
01101011100000011011001100101001
01010111000000111110011001010010
01101110000001110100110010100101
01011100000011101001100101001011
01111000000111010011001010010110
01110000001110101110010100101100
01100000011101011100101001011001
01000000111010111001010010110011
10010100101100110011100000011101
10101001011001100111000000111010
10010010110011001110000001110101
10100101100110010100000011101011
10001011001100101000000111010111
10010110011001010000001110101110
10101100110010100000011101011100
10011001100101001000111010111000
10110011001010010001110101110000
10100110010100101011101011100000
10001100101001011111010111000000
10011001010010110110101110000001
10110010100101100101011100000011
10100101001011001010111000000111
10001010010110011101110000001110
