000000000011110100100101001
000000010101010011001001001
000000000111101001001010010
010001000100011000011100001
000000101010100110010010010
000001010101001100100100100
000000001111000010010100101
001001000010011110000000011
000010001000110000111000011
000100010001100001110000110
010001000110000111000011000
000010101010001001001001001
000101010100000010010010011
000000011110000100101001010
000010010010010101010000101
010010000100101100000000111
000100001001011000000001111
010000100101000000000111110
001000100011000011100001100
001001010010000001111100000
000010001100011110000110000
000100011000101100001100001
010001100010000000110000111
001010101000000100100100110
010101010000001001001001100
000000111100001001010010100
010000011000010001000110011
000100100100101010100001010
001001001001000101000010101
000100100100010100001010101
001000010010100000000011111
001001000100100010101010100
000001001010010000001111100
000010010100100000011111000
010010010010001010000101010
010010100100000011111000000
000101001000010111110000000
010100100001001111000000001
001000110001001000011000011
000011000100010001100001110
000110001000100011000011100
011000100010001100001110000
001010100000010010010011001
010101000000100100100110010
000001111000000010100101001
011100000000010010100100101
000000110000110010001100110
000001100001100100011001100
000110000110000001100110001
000001100000111001100010001
001001001000101000010101010
010010010001000000101010101
000011000011001000110011000
010010001001000101010101000
000100010010011010101010000
010001001001001010101000010
000100101001000000111110000
011000011000000110011000100
000100100010010001010101010
001010010000101111100000000
001000100100100101010100001
001100010001000110000111000
001010000001011001001100100
010100000010100010011001001
000011110000000101001010010
011000000000110101001001010
010000000001111010010010100
001100001100000011001100010
000011000001100011000100011
000110000011000110001000110
011000001100001000100011001
010000110000011100110001000
001100000110001100010001100
011110000000001001010010010
001000000101010100110010010
010000001010101001100100100
000111100000001010010100100
001111000000000100101001001
100000001011011100011000000
100100010100011101000000010
100000010110101000110000001
110001100000010101000100100
101000101000101010000000101
110001010001000100000001011
100000101101000001100000011
101000000010110011000110000
100011000000111010001001000
100110000001100100010010001
111000000110000001001000101
100010100010011000000010110
100101000100100000000101101
100001011010000011000000110
100010010001010010110100000
110000000101100110001100000
101100000011001000100100010
101011010000001000000110001
110000001100010010010001010
100000011000110100100010100
100001100011000010001010001
101010001001000000001011010
110100010010000000010110100
100010110100000110000001100
100100100010100101101000000
101001000101001011010000000
110010001010000110100000001
110110100000000000001100011
101101000000010000011000110
110100000001010001100011000
100000110001101001000101000
100011000110000100010100010
100110001100001000101000100
111000110000000010100010010
101000100100010000101101000
110001001000100001011010000
100101101000001100000011000
101100011000000001010001001
111010000000100000110001100
000001111111110000000000000
