$EXEC orbit
(19,17,15,18,16)(14,10,11,12,13)(9,8,7,6,5)(4,1,3,0,2)
(24,23,22,21,20)(19,15,16,17,18)(14,12,10,13,11)(4,1,3,0,2)
(24,19,12,6,1)(23,18,11,5,0)(22,17,10,9,4)(21,16,14,8,3)(20,15,13,7,2)
..
0001010100110000000000000
0001011010000001000000000
0010000001101001000000000
0010001000001001000010000
0010011000101000000000000
0010110000100001000000000
0100000010110001000000000
0100100000100001100000000
0101010000101000000000000
0101110000000001000000000
0110010000110000000000000
1000000101100001000000000
1000010000100001000010000
1000010100000001100000000
1000011100100000000000000
1000111000000001000000000
1001100000100001000000000
1010000010100001000000000
1100001000100001000000000
1111100000000000000000000
