0100010010001100000000000011
1010000000000011000000100011
0100001000000000000110101001
0010100000001000001010000101
0001000000101010000001001001
0001000000000100011000110001
0001000000010000100100000111
0000011000100001000000010101
0000101001000110100000000001
1000000011100000001100000001
1000010000000000110011000001
0000100010010001010000001001
0110000001010000000001010001
1110010100000000000100000100
1000000101010100010000000010
0000101100010000001100010000
0010000100010010100010001000
0010000100100001011001000000
0000110100000101000010100000
0001000110001000010110000000
0000100110100010000000000110
0000000100001100100001010100
0100000101001010001000100000
0000011111000000000001001000
0101000100000001000000011010
1001001100100000100000100000
0010001010010100000000100100
0101000001100100000010000100
0000000000000111001100001100
0000100001000000010101100100
0100000000100010110100010000
0000000011000000100010110010
0101100010000000101001000000
1001010010010010000000010000
1010100000100100000000011000
0011111000000000010000000010
0000010000110000001000101010
0000001000011001000011000010
