1111111110000000000000
0110101011110000000010
1101100011010101000000
0000111111010100100000
0110101101000111000000
0101001111101100000000
0100111010100101001000
0101111001000100010010
1100101100110100010000
0001101110000101010001
0101101101010000000101
0011101011000100001100
1000101111100001000100
0000101101100100001011
1101101001100010001000
0011101101100000110000
0001111100100110000100
1001101010100100100010
0100101110100010100001
0101110011100000100100
0111100010100110010000
1100111000100000000111
1100101010000011010010
0001111010010001000110
0010111010000110000011
0000111001100011100010
0111101000000010100110
1011101001000001000011
1000101001010110000110
0010101000100101010110
0001101000110010010011
0000101011000000110111
0100101000010101100011
0000101011010011001001
0100101000000110011101
0010101110010010010100
0100111100010010001010
1000111101000010010001
0000111001110000011100
0100111100000001110100
0001111010000010111000
1001101100000000011110
0111101000010001011000
1100101010010000101100
1001101100010011100000
0001101000100001101101
1001111000010100001001
1000101001000101111000
0110111001000000101001
0010101000110110101000
1010101010100000011001
0010101110000001101010
0010111100110001000001
1010101100000100100101
0001100010010110100101
0101100001000011110001
0100100010110001010101
0110100001010100110100
1100110010000100110001
0000110011000111010100
0011110011010000010001
0001110000110101110000
0111110000000101000101
1010111000010000110010
1010111000000011001100
1110100011000010000101
1110110001100001010000
1000100011110010110000
1011110001000110100000
1010110010110100000100
1111100000110000100001
0011100001110011000100
1001110010100011000001
1100100000100111100100
1010100000010111010001
0010110000100010110101
1000110001010001100101
1001011100001100110000
1001011010101000001100
1100011010011100000010
0001001010011101101000
0011011011001000100010
0001001010001110010110
0001011000101101000011
0111011000001110001000
0000011011001100011001
0010011110001101000100
0001011110011010000001
1100001000101100101001
0100001010111010011000
0100001100011110100100
1100011100101011000000
1100001110001000010101
1010001110111000100000
0010001100101110010001
0111001100001001100001
0100001010101001100110
0000011101101000100101
0100011000001010110011
0010001010001010101101
0000001111001011110000
0010011000101001111000
1010001000001111100010
1000001011101010000011
1111001000101000010010
0010001010011001010011
1110001011001001001000
1001001000001011011001
0110001001001100000111
0100011000011001001101
1000001101011101000001
0110011101011000010000
0101001001001000111100
0000001001111100110010
0011001001111000001001
0101001001011011000010
0000001001101111001100
1000011001011010101000
0010011000111010000110
1000011001001001010110
1011001101001010000100
1010001000011100011100
0001001100111001010100
1001001000011000100111
0111000000011010010101
0100010010101110000101
1000000001001110110101
1101000001101001000101
1100000010011011100001
1001010000011111000100
0110010001001011100100
1010000010101011010100
1110000001111110000000
0011000011001111000001
1101010011001010010000
0000010001111011010001
0101010001011100100001
1111000010001100100100
0001010010001001110101
1100010000111000110100
0010000000111101100101
0010010010011110110000
0111010010111001000000
0011010001101100010100
0110000011101000110001
1011000001011001110000
1000010011101101100000
1001000010111100010001
0001001100101010101010
0100001100001101011010
1010011100001000001011
0000001111011000001110
0000110010111000101001
0110100000101011001001
0000110100001111100001
0101110100101000010001
1000100100111010000101
0001110001001010001101
1000110000101110011000
0010110111101010000000
1110100100001010110000
0101100110001011000100
0010100101001001010101
0011110000001011010010
0011110100011000100100
1011100100101101000000
0001100101011110010000
1000110110011001010000
1001100111001000100001
1100110101001100000100
0110100110011100000001
0100100101111001100000
0000100110101100110100
1011100010011010001000
0001100011101001011000
0110110010001000011100
1101110000001001101000
0011100000001100111001
0000100000011011111100
0010110001011101001000
1010100001101000101100
1100100001011000011001
0101100000111100001100
0100100011001110101000
1000100010001101001101
0001100001001101100110
1000100000101001110011
1001110001111000000010
1110100000011001000110
0010100001011010100011
0011100010101000000111
1101100000001110000011
1010100011001100010010
0110110000101100100010
1000110010001010100110
0101100010011000110010
0000100010111111000010
0100100001101010010110
0100110011001001000011
0000110000011100010111
1010010111000000110100
0001010001010010110110
1010000001110000010111
0111000011000001010110
1011000010000010110011
1011010000100001100110
1110010000000110010110
1001010011000100000111
0010010001000101110011
1010010011010011000010
0110010010010000100111
0010000011100110100110
1000000010010101110110
1000010010010010011101
1001000011000011101100
1011000110010001000101
1110000000000001111101
1010000011010100101001
1011010010000101011000
0011000010110000111100
0010010011100001001101
1111010001010000001100
1011000000100110001101
0011010000010011101001
1110010010100010101000
0110000010010111001100
0010010101010110000101
0011000100000111110100
1010000101100011100001
1101010100000010100101
1110010100010101100000
0000010110110011100100
0011010110100100100001
0111000111010010100000
1011010100110010010000
0110010110000011010001
1110000010100101000011
1000010000110110100011
0110000000110011110010
0111010001100010000011
0101010010000111100010
1101000010110010000110
0001000011110001100011
1101010000010001010011
1101000110100001110000
1001010001100000111001
1100010111110000000001
0100010011010001111000
1111000101000100010001
0101010110010100010100
0001000111100010010101
1001000101110100100100
1100000101010011010100
0010000111110101010000
1000010100100101010101
0100000111000101100101
1001000001100111010010
0100010001110101000110
0101000000100100110111
0100000011010110010011
0001000001010101011101
1100000011100100011100
0000000010100111111001
0100000001110010101101
1100010001000111001001
1101000000010110111000
0111000001100101101000
0101010000100011011100
0001010011110110001000
0101000100110111000001
0110010000110100011001
0100010101100110110000
0000110101001000111010
1100100110101000001010
0001100100011001001011
0010100100001110001110
0100010100100001101011
0101000101110000011010
1001010110010000101010
0100000110000010111110
1100000100010100001111
1111000100000011001010
0000000101010111101010
0011000101000000101111
1000000111000001011011
0010010100010001011110
0010000110110010001011
0001010100000110011011
1000010101100010001110
1010000100100100111010
0110010111000100001010
0001000110100101001110
