01010101110001001000001110011111000
10110100000011110000010110100101101
10100101010100001110000111100010011
10001001001001110010101001001111100
01100101000100000011111000111001101
01110110011000010111010000000111010
01101010100010010010000101111110001
00001011010111010100011100101001010
11011000100010011111101010100001000
01100000011010101000111011101100010
01001100101101110010110110010000010
11001010010100100100011010010110101
10010000111101000101110001111010000
00111101101010100100001000110010110
00100011100000111101110110001010100
00100000100101111101001001010101011
01000111011011011100100001010000101
00010110110110100011101101000100100
01011001001110101001010101000011001
00011011000001001011010011110100110
10111110001001001001101100001000011
10000011111010100011000010011001011
