1110000010010000110001111010011
0001010100111110101001010010001
1010011011100010001110010000011
1011101000100100010101000110101
0101010000000100111110001001111
1001100001110101001000111000110
0000000011101001111111100010100
0111100001001010011011011100000
1100110101100001100010001110001
1000011001001111010001101001001
1111000110101101000011000001010
1100001110000111111000010100100
0100101100111010010010100000111
0111000101000011000100110011101
0010100111110110110100001001000
1000100000001110100110110111010
0011011000110001110010110101000
0110110010011101001100100100001
0011111010001011100000001010110
1001010110010010000111101100100
0100001000110011001101001111010
0100111011010100000011010011100
0001101111000000101001100101011
1010010101011000011000000111110
