001000001110101000
010010100100010010
100001010010000011
100001101010100000
100100100010010010
000100010001001011
110010100001100000
000001101000011100
000100100011101000
010000100011000011
001000000010110011
000010011000011010
001000001000001111
001010010011001000
010100101000001010
001100100100000011
000011010000001101
010010010010010001
100000000011100110
011000100010100100
100011110000010000
010001000000011011
010110010000101000
011101100000010000
001100011010000010
000011000010010110
010100001010110000
111000000001001010
011000000101010001
000000110000010111
000010110010100010
000001001011001010
001011100100000100
010001101101000000
100000111001000010
010111000100000001
110000001000101100
000001011000100110
000110001010001100
000100000000111110
110000010000110010
000010100001001110
110010001010000010
110101011000000000
010000110001011000
000101000110100100
110000000110100001
100010100010000101
000001110100001010
000010000110001011
010010111000000100
100010011000100001
100011000100100010
110000101000010001
001110000001000101
110100000100011000
010011010001000010
000110101100100000
000001100001110010
100101100001000001
000000011101001100
110001000011010000
110000010001000101
010000100100001101
001011001000110000
000010010001110100
000001011001010001
001010001101000010
000011000101011000
001000111100010000
000100100101010100
100010000010111000
011010000000011100
010001001010000101
000010101011010000
001110000110010000
100001010001101000
100000100000101011
100000011010010100
011000011001100000
000110100000011001
101010101000001000
010000010010001110
010100110110000000
000110010100000110
001111000000001010
011100000010001001
011001000110000010
111010010100000000
000000010111010010
000101010010011000
100010000001010011
001100001001011000
010010000000100111
101001000010001100
000011000011100001
001101010101000000
000000101110000110
001100110000001100
010001110000100001
010010000111000100
101000100111000000
000011101000000011
000010110101000001
010000001001010110
100011001001000100
010011100010001000
010010001001001001
001000010110000101
011100001100000100
010101000001001100
000000000011011101
000001000101000111
100000110100100100
110001100000000110
010000011100000011
101000010000011001
101001001100000001
000010001100010101
000000101001100101
100001000000110101
000100001111000001
000000111010001001
000011011110000000
010100000101100010
000101001100010010
000001100110010001
000100010100110001
000001110011000100
000101001000101001
100000001101110000
010001010100010100
101000000100010110
