10000100001100000001010110000
01010000011000110100000001000
10001001000000100010101000001
00000100000000111000011001100
00001000101010000011001010000
00001100110010000100000001100
00000101001110001010000000010
10100010000011000000000110100
00100010001100001000001100001
00010010010010000111000100000
00000111100000000010001101000
00000001011010100000001100100
10000000110001010000001001001
00011000000110101000000101000
00011101010000100000010010000
00010001100011000001010001000
00101100100100010000101000000
00000110010000110000100100001
00110001100000000100001000011
00100101000101100000000001001
00000000100010011010000100101
01000011010111010000000000000
01011000100000001110100000000
01000100010000001100010000011
00110110000000000100110001000
10101001001001011000000000000
10000000011000001010100101000
00001000010000011100001110000
00000000101111000100100100000
00010100000011100010100000100
00000101101000000000110000101
00000010001000010110101000100
00000001000000100111000011100
01000010000001100000001000111
00010000001010001100010010100
11011000010100000000001000100
00001100000011000000011100001
00010001001001000010000110001
00100000001001100000111010000
00001001001100000100011001000
00110000101100000010000001100
00000001100101001000001010100
00001010010100000010100010010
00101100001000100110000100000
00001000000010110101110000000
10001110000000001001100000100
00000011000001101100010100000
00000000000110000001101001101
00111000000101000101000010000
00001000001100110000000010101
00010000000101011000110000001
01100000100010100000100001010
00100001010000010000010101010
01010000000000000010011011010
00001001110100000001000100001
00100010100001000011100000001
01001000000001010000100101100
00010011001100100001100000000
00000000011001000011010000110
00000000010011101001000010001
00000011000000010001011010001
00100000000011001110001001000
00110010000000111010000010000
00000010110010001000111000000
10000011111000000100000010000
10001000100101100000010000010
00010000110000010001100010100
10010110100110000000000000001
01000110001001001000000011000
10000101000010010000100011000
00011010101000010000000100010
00111000011010000000100000001
00101010010000100001001001000
00000010001010100010010001001
00101000100000001000010011001
00000101010001000101101000000
00100000010100101100100000100
00110100110001001000000100000
00010011010000001000000001101
11000001001000000001000001011
00000000000101110011001100000
00010101000100010100000100100
00100100010000000010001010101
10110000000000100001010000101
01100001000000001001100110000
01100100001010010001000000100
01000000100000000101011100100
00011100000000010011000001001
11100000000100010110000000001
00000010100100011101000001000
11000100110000100011000000000
01101011000000000010010000100
01000100000110100100001010000
10010000000000100100100110010
10010000000010011001001000010
00000100100001010110010010000
