# From Geoffrey Exoo, 2014-08-27, A(15,4,5) >= 242
000000000101111
000000001110011
000000011011010
000000011101001
000000100111100
000000110100110
000000111001100
000001000011011
000001001100101
000001001111000
000001010101100
000001010110001
000001011000011
000001100010110
000001101001001
000001101100010
000001110000101
000001110001010
000010001010101
000010010001011
000010010010110
000010010111000
000010011100100
000010100001110
000010100100101
000010110010001
000011000011100
000011001000110
000011010100010
000011100000011
000011100101000
000011101010000
000100000011101
000100010101010
000100011010100
000100100101001
000100101000110
000100101010001
000100110000011
000100110110000
000101000001110
000101010010010
000101011100000
000101100011000
000101100100100
000110000000111
000110000011010
000110001101000
000110010001100
000110011000001
000111000001001
000111000110000
000111110000000
001000001100110
001000010001110
001000010100101
001000010110010
001000011010001
001000100011001
001000100100011
001000101000101
001000101101000
001000110010100
001000111000010
001001000000111
001001000101010
001001001010100
001001010011000
001001110100000
001010000101001
001010001001010
001010001110000
001010100010010
001010110001000
001011000010001
001011011000000
001011100000100
001100000010011
001100000110100
001100001011000
001100010001001
001100100001100
001101000100001
001101001000010
001101010000100
001110000100010
001110010010000
001110101000000
010000000011110
010000000111001
010000001000111
010000010001101
010000010010011
010000010110100
010000011100010
010000100001011
010000100110010
010000101011000
010000101100100
010000110101000
010001000100110
010001001001010
010001001010001
010001011000100
010001100001100
010001100100001
010001110010000
010010000101010
010010001001100
010010010100001
010010011010000
010010100010100
010010101000001
010010110000010
010011000000101
010011000010010
010011001100000
010011010001000
010100000100011
010100001001001
010100001110000
010100010000110
010100010011000
010100100000101
010100111000000
010101000010100
010101000101000
010101010000001
010101100000010
010110000010001
010110000100100
010110001000010
010110100001000
011000000010101
011000000101100
011000001010010
011000001100001
011000011001000
011000100000110
011000110000001
011001000001001
011001000110000
011001010000010
011001101000000
011010000000011
011010000011000
011010010000100
011010100100000
011100000001010
011100001000100
011100010100000
011100100010000
011111000000000
100000000110110
100000001001110
100000001011001
100000010011100
100000010100011
100000011110000
100000100000111
100000100101010
100000101100001
100000110001001
100000110010010
100001000010101
100001000101001
100001001010010
100001010000110
100001100110000
100001111000000
100010000010011
100010000101100
100010001100010
100010010000101
100010011001000
100010100011000
100010101000100
100010110100000
100011000001010
100011001000001
100011010010000
100100000001011
100100000111000
100100001000101
100100010010001
100100010100100
100100011000010
100100100010100
100100101001000
100101000100010
100101010001000
100101100000001
100110000100001
100110001010000
100110100000010
100111000000100
101000000001101
101000000011010
101000000110001
101000001000011
101000010101000
101000011000100
101000100100100
101000101010000
101001001001000
101001010000001
101001100000010
101010000010100
101010010000010
101010100000001
101011000100000
101100000000110
101100001100000
101100110000000
101101000010000
101110000001000
110000000100101
110000001010100
110000001101000
110000010001010
110000011000001
110000100010001
110000101000010
110000110000100
110001000000011
110001000011000
110001010100000
110010000000110
110010000001001
110010000110000
110011100000000
110100000001100
110100000010010
110100100100000
110101001000000
110110010000000
111000000100010
111000010010000
111000100001000
111001000000100
111010001000000
111100000000001
