$EXEC orbit
(0,1)(2,3)(4,5)(6,7)(8,9)(10,11)(12,13)(14,15)
(0,2)(1,3)(4,6)(5,7)(8,10)(9,11)(12,14)(13,15)
(0,4)(1,5)(2,6)(3,7)(8,12)(9,13)(10,14)(11,15)
(0,8)(1,9)(2,10)(3,11)(4,12)(5,13)(6,14)(7,15)
(1,2,3)(5,6,7)(9,10,11)(13,14,15)(16,17,18)
(2,3)(6,7)(8,12)(9,13)(10,15)(11,14)(17,18)
..
11101110100000011000
11101110001010000100
11101110000100100010
11101100000010101001
11001110000011001010
10001110100011010100
01111100101000001001
01001111110000000011
01001110100010110010
01001110000110000111
01001100100101100011
01001100100110011100
01001100110010100101
10001110110101001000
10001100110011000011
01001110111010001000
01001110011101000010
01001111000010011001
10001110000111100001
01111110000100010001
10001110111000010001
