00000000000000000000111111111111
00000000000011111111000000001111
00000000111100001111000011110000
00000000111111110000111100000000
00001111000000001111111100000000
00001111000011110000000011110000
11001100001110001000001000100011
11110000000000110011001100110000
11110000000011001100110011000000
10011001110000100100100000010011
10101010101001000010000110000101
11001100110000010001010001001100
01010101001100100100000110001100
00110011010100011000001001000101
00110011101010000001010000101010
01100110010101000010100000011010
