0000000110010011001011
0011111001010001000000
1010001001001010001010
1110000100100100000101
0100100100010001110100
1000100011001001000101
0100010101001010010001
0010010111000100100010
0001011010101100000001
0100011000010110000110
1001000001010100010011
0000000001101101111000
1011010000001000110100
1001100101100010100000
0010001010100011100100
1100000010111000100010
1101001000000001101001
0111000000110010011000
0001001111000000011100
0101100100001100001010
1000011100100001010010
0010100000011110100001
1000110010000110011000
0110101010000000010011
0000110000100000101111
