00000000000011110000001
00000000001100110010000
00000000001111000000100
00000000010101011000000
00000000010110100001000
00000000011001100100000
00000000011010010000010
00000000100101100000010
00000000100110010100000
00000000101001010001000
00000000101010101000000
00000000110000110000100
00000000110011000010000
00000000111100000000001
00000011000000110100000
00000011000011001000000
00000011001100000001000
00000011110000000000010
00000101000001010010000
00000101000010100000010
00000101010100000000100
00000101101000000100000
00000110000001100000100
00000110000010010001000
00000110011000000010000
00000110100100001000000
00001001000001100001000
00001001000010010000100
00001001011000001000000
00001001100100000010000
00001010000001010000010
00001010000010100010000
00001010010100000100000
00001010101000000000100
00001100000000111000000
00001100000011000100000
00001100001100000000010
00001100110000000001000
00001111000000000000001
00010001000100010000010
00010001001000100000100
00010001010001000000001
00010001100010000001000
00010010000100100000001
00010010001000011000000
00010010010010000000100
00010010100001000100000
00010100000101000001000
00010100001010000000001
00010100010000010100000
00010100100000100010000
00011000000110001000000
00011000001001000010000
00011000010000100000010
00011000100000010000001
00100001000100101000000
00100001001000010000001
00100001010010000100000
00100001100001000000100
00100010000100010000100
00100010001000100000010
00100010010001000001000
00100010100010000000001
00100100000110000010000
00100100001001001000000
00100100010000100000001
00100100100000010000010
00101000000101000000001
00101000001010000001000
00101000010000010010000
00101000100000100100000
00110000000000110001000
00110000000011000000010
00110000001100000100000
00110000110000001000000
00110011000000000010000
00111100000000000000100
01000001000101000100000
01000001001010000010000
01000001010000010001000
01000001100000100000001
01000010000110000000010
01000010001001000000001
01000010010000101000000
01000010100000010010000
01000100000100010000001
01000100001000100001000
01000100010001000000010
01000100100010000000100
01001000000100100000100
01001000001000010100000
01001000010010000000001
01001000100001001000000
01010000000001010000100
01010000000010100100000
01010000010100000010000
01010000101000000000010
01010101000000001000000
01011010000000000001000
01100000000001100010000
01100000000010011000000
01100000011000000000100
01100000100100000001000
01100110000000000100000
01101001000000000000010
10000001000110000000001
10000001001001000000010
10000001010000100010000
10000001100000011000000
10000010000101000010000
10000010001010000100000
10000010010000010000001
10000010100000100001000
10000100000100100100000
10000100001000010000100
10000100010010001000000
10000100100001000000001
10001000000100010001000
10001000001000100000001
10001000010001000000100
10001000100010000000010
10010000000001101000000
10010000000010010010000
10010000011000000001000
10010000100100000000100
10010110000000000000010
10011001000000000100000
10100000000001010100000
10100000000010100000100
10100000010100000000010
10100000101000000010000
10100101000000000001000
10101010000000001000000
11000000000000110000010
11000000000011000001000
11000000001100001000000
11000000110000000100000
11000011000000000000100
11001100000000000010000
11110000000000000000001
00100000000000000111001
00000000000000011100011
00000000000000101101100
10000000000000001011010
00000000000001000001111
01000000000000001010101
00000000000010000110110
