111100001000000000000001
110011100000000000000100
110000010111000000000000
110000000000111100000000
110000000000000011110000
101010010000100010000000
101001000100010001000000
101000100010001000100000
101000000001000100011000
100110000100001000010000
100101010000000100100000
100100100001100001000000
100100000010010010001000
100010001010000101000000
100010000001010000100010
100001001001001010000000
100001000010100000010010
100000111000010000010000
100000100100000110000010
100000010000001001001100
100000001100100000101000
011010000100000100100000
011001010000001000010000
011000100001010010000000
011000000010100001001000
010110010000010001000000
010101000100100010000000
010100100010000100010000
010100000001001000101000
010010001001100000010000
010010000010001010000010
010001001010010000100000
010001000001000101000010
010000110000100000100010
010000101100001001000000
010000011000000110001000
010000000100010000011100
001111000000000000001010
001100110100000000000100
001100000000110000110000
001100000000001111000000
001010100000000001010001
001010001000011000000100
001001101000100100000000
001001000011000000000101
001000011001000001100000
001000010010010100000010
001000001110000010010000
001000000101101000000010
000110101000000010100000
000110000000100100000101
000101100000011000000001
000101001000000001010100
000100011010101000000000
000100010001000010010010
000100001101010100000000
000100000110000001100010
000011011100000000000001
000011000000101001100000
000011000000010110010000
000010110001001100000000
000010100110110000000000
000010010010000000111000
000010000101000011001000
000001110010000011000000
000001100101000000110000
000001010001110000001000
000001000110001100001000
000000101011000000001010
000000100000101010011000
000000100000010101101000
000000010100100101010000
000000010100011010100000
000000001000110011000010
000000001000001100110010
000000000011100110100000
000000000011011001010000
000000000000000010101111
