11111111111100000000000000000
11110000000011110000000011110
11110000000000001111111100000
11001010100100111010000010010
11001010011011001010000001100
11001010000010010101011000110
11001010000001100101100111000
11001001110001010000101001010
11001001100100000011010101100
11001001011000001100010110010
11000110110010100000010110100
11000110100100001100101001100
11000110011000000011101010010
11000110001101010000010101010
11000101100111000101000010010
11000101011000110101000001100
11000101000010011010011011000
11000101000001101010100100110
10101100101010011100000001010
10101100010101100011000001010
10101010110000001001100100110
10101010110000000110011011000
10101001100101101100110000000
10101001011010010011001100000
10100110011001101100001100000
10100101001100001001011000110
10100011010110011100000010100
10100000100110101001001111000
10100000100101010110001100110
10100000011001011001110011000
10011100110010101010101000000
10011100001110100101010100000
10011100000001011001001110010
10011100000001010110110001100
10011010010100110000001101100
10010101101011000000001101100
10010101010100110000110010010
10010011110001011010010100000
10010011001101010101101000000
10010011000010101001110001100
10010011000010100110001110010
10010000101000111100100110100
10010000101000110011011001010
10010000010111001100100101010
10010000010111000011011010100
01101100110001010101010100000
01101100001101011010101000000
01101100000010100110001101100
01101010010111000000001110010
01100101101000110000001110010
01100011110010100101101000000
01100011000001011001001101100
01100000101011001100011010100
01100000101011000011100101010
01100000010100111100011001010
01100000010100110011100110100
01011100010101101100000010100
01011010001100001001011011000
01011010001100000110100100110
01011001100110011100001100000
01011001011001100011110000000
01010110100101100011001100000
01010110011010011100110000000
01010101110000001001100111000
01010101110000000110011000110
01010011101001101100000001010
01010011010110010011000001010
01010000100110100110110011000
01010000100101011001110000110
01010000011010101001001100110
01010000011001010110001111000
00111010100111000101000001100
00111010011000110101000010010
00111010000001101010011000110
00111001110010100000010101010
00111001100100000011101010010
00111001011000001100101001100
00110110110001010000101010100
00110110100100001100010110010
00110110001110100000101001010
00110101100100111010000001100
00110101000010010101100100110
00110101000001100101011011000
00001100101001101010010111000
00001100101001100101101000110
00001100010110011010010100110
00001100010110010101101011000
00001001110000111001011010100
00001001001111000110011001010
00001001001100111001100101010
00000110110011001001011001010
00000110110000110110100101010
00000011101010010101010111000
00000011010101101010101011000
00000011010101100101010100110
00000000111111111111000000000
00000000111100000000111111110
11001001001110100000001010101
10100100100110010011110000001
10000101001100000110100111001
10100011101001100011000000101
10100000011010100100110000111
10011010101001000000110010011
01001100000010101001110010011
01101010100000110000110001101
01000101010111000000110001101
01100011000110101010010100001
01100001000001010110110010011
01011100101000010011000010101
00111000000010011010100111001
00111001001101010000010100101
00110110011000000011010101001
00110101011011001000000010011
00001111000011110000101100001
00001111000000001111000001111
00001001110011000110000110101
00000010001111001001100110101
00000110000100110110011010101
00000001101010011010101000111
00101111001010000010110010100
