10000000000101100010011011010100
00000000010011101011110110000000
10000000011000101111000000101010
00000000101001110001000001111100
00000000110100111100011010000010
00000001011101000100101110000100
10000001001011001101000011010000
00000001000000001001110101111010
00000001111010010011000010000110
10000010100010100110011100100000
00000010101001100010101010001010
00000010001110110101000110001000
10000010000101110001110000100010
10000011101100001001000100100100
00000011111010000000101001110000
00000011000000011010011110001100
10000101110001110000100011000000
00000101000000101110100010010110
00000100101001010110010110010000
10000100100010010010100000111010
00000100010011001100100001101100
10000100011000001000010111000110
10000100000101000101001100111000
00000111000000111101001001100000
00000110001110010010010001100100
00001011000001010100110001010100
10001011110000001010110000000010
10001010011001110010000100000100
00001010101000101100000101010010
00001001100110010000110110100000
10001001101101010100000000001010
00001001011100001010000001011100
10001001001010000011101100001000
00001001000001000111011010100010
10001000000100101100110100001100
00001000001111101000000010100110
00001000010010100101011001011000
00001110110101000110001001000000
10001110000100011000001000010110
00001110010010010001100101000010
00001100010010000010001110110100
10001100000100001011100011100000
00001100101000011000111001001000
00001101000001100000001101001110
10010110011010000110100010000000
00010111000010100000010111010000
00010100101011001011001000100000
10010100000111011000010010001000
00010100001100011100100100100010
00010101100101100100010000100100
00010011000010000111000000111100
10010010100000111011000010010000
00010010001100101000011000111000
10010001001001010000011101100000
00010000010001110110101000110000
10010000100000101000101001100110
00010000110110100001000100110010
00011100010000011111010000000100
10011100100001000001010001010010
00011000101010100010110000010100
00011000010000111000000111101000
10011001110010000100000101000100
00011001100100001101101000010000
00011001000011011010000100010010
10011010000110100010000001001010
10101100000000110001011110000000
00101100101100100010000100101000
00101111011000000100000000100110
00101001100010101010001011000000
00101000101100000101010011000100
00101000110001001000001000111010
10101000000000010110001001101100
00101010001011000001010100110000
10101010000000000101100010011010
00100111000100000111110100000000
00100111100011010000011000000010
00100110001010101000101100000100
10100110011100100001000001010000
00100101011001011001000100001000
00100100110000100001110000001110
00100010110000010101001100010100
10100010100110011100100001000000
00100010010111000010100000010110
10100010000001001011001101000010
00100011000100100000100011101100
10100000000001011000100110110100
00100000001010011100010000011110
00100000010111010001001011100000
10100000111011000010010001001000
00100000110000000110100111100010
00100001100011100100100100011000
10100001101000100000010010110010
00111010001001011100001010000000
10111000111000010001100000100000
00111101100000010000000010011100
10111100000010101100000000110000
10110001001101101010100000000000
10110000000011000101111000000100
00110000010101001100010101010000
10110000100100010010010100000110
10110011010000110100010000001000
00110010110010001000010010100100
00110010001000010010100101011000
00110100001000100110011001000010
01011000000100000000100111010110
01011010000100010011001100100000
11011010101000000000010110001000
01011010100011000100100000100010
01010011110001101000001100000000
01010010011000010000111000000110
11010001000000100101100110100000
01010001001011100001010000001010
01010000000101001110001000001110
01010000011000000011010011110000
01010000100010011001100100001100
11010000110100010000001001011000
01010100011000100100000100011100
11010101000000000010110001001100
11001110010000100000101000101000
01001100100001101101000010001000
11001101000011010001000000100100
01001011001000100001001010010100
01001010000110001110010010010000
01001001001000110010100001100010
01001000100001001010010101100100
01001000011011010000100010011000
11001000010000010100010100110010
11000101111000000101011000000000
11000100110110101010000000000100
01000100100000100011101101010000
01000100000111110100000001010010
01000111001001001000110010100000
11000111000010001100000100001010
01000110100000110000000110100110
11000000001100010111100000010100
01000000011010011110001101000000
01000000100000000100111010111100
11000000101011000000001100010110
01000000111101001001100001000010
01000001010100110001010101000100
11000001000010111000111000010000
01000010100000010111010001001010
11000010010001001001010000011100
01000010000111000000111101001000
11000010001100000100001011100010
01110100100110000100001110000000
01110100000001010011100010000010
01110110000001000000001001110100
01110001101000001100000001101000
11110000001010110000000011000100
01111010000000101001110001000000
01100010000011111010000000101000
11100011100001000110000010000100
01100011010000011000000011010010
01100000011110100100110000100000
11100000010101100000000110001010
01100001010000001011101000100100
11100001000110000010000101110000
01100100100100011001010000110000
11100100001000001010001010011000
01101001001100001000011100000010
01101000100101110000101000000100
01101000000010100111000100000110
11101100001001000100100101000000
01101100000010000000010011101010
01101101010001100010010000010000
10000001010110000000011000100111
00000100001010000001111010010011
10000110100010000000001011001101
00000010110100001000100110011001
00000110010001000010010100101011
00000010010001100101000011000111
00010001000010010100101001001011
00010001100001000011000111001001
00011101011110110000000000000001
00011110001001000001100000001101
10011011000101000000000010110001
00100001000100110011001000010011
00111000010100000010111000001001
00110000001000000000001110101111
00110100000110001001000001000111
10110101010000000000100100010011
11011000010010001001001010000001
01010110101100000010000000010011
01000001010100010110000010101001
01101011100110000001000000001001
00010111010100000001001010001010
