010011000100101001010000
100010010100100000101100
110111000010000010100000
101001001000001000110100
010001101110000000001100
010100001100000100110010
100000001110110010010000
100011100001001100001000
000000100101110101000100
000110000101011000000011
011000000010001010010011
000000001001100001011011
000100101011000110000001
000110011000001010011000
000010101010101000100010
100001000010100100000111
110000000100000111001001
000000000011010010101110
011010100000000100100101
001101000100100010001010
010010010001100110000010
011000010001001001001100
101100100110001001000000
000010011010010001000101
010100000010111100001000
000101011001110000100000
010000110100011010100000
000001001000011111000010
100010100000000011010110
001110000011100000010100
001010001101000011100000
000100000000101011100101
001000011100101100000001
000001010101000010010101
100100100000010000111001
000001010010000101111000
111000000000110001100010
010101110000000001000011
101100010000010110000100
