0111100101000100011000100100101
0101101010111100100100100010000
0000110011010000011101110001010
0010010000101100010100011110011
1000110100101010000111100000101
0001000001101001101101001101100
1010000010010001111110000010101
0100000000000110110011111011100
0100011011100010101010010100001
1001101001001011010000010011001
1110110000110111001000001001000
1100000111000111000101000110010
0011001000110011010011100100010
1100011100011000110000000101110
0010101111100000000010001011110
1011000110001010101000111000010
0001011110010101000001011000101
