00000011001101011111000100101
00000110011010111110001001010
00001001010000011001101011111
10100101110010101000011000101
00010010100000110011010111110
00010100000110011010111110001
00011001101011111000100101000
00011010111110001001010000011
00100000110011010111110001001
00100101000001100110101111100
00101000001100110101111100010
00101111100010010100000110011
00110011010111110001001010000
00110101111100010010100000110
00111110001001010000011001101
01000001100110101111100010010
01000100101000001100110101111
01001010000011001101011111000
01001101011111000100101000001
01010000011001101011111000100
01010111110001001010000011001
01011111000100101000001100110
01100010010100000110011010111
01100110101111100010010100000
01101011111000100101000001100
11001100011000110010000110101
01111000100101000001100110101
01111100010010100000110011010
11000001010101100001010101011
10011100110001000110011100010
11010001101000010101011010001
10101001001011000011010010110
10100000111100001011001111000
10011000000110100111001001101
11110000010010011101000100110
10110010001001101100100010011
11101011000100011010110001000
11000100100111010000001011110
