$EXEC orbit
(0,13,25,21,7,10,15,19,4)(1,20,11,22,14,5,16,8,26)(2,6,3,23,18,24,17,12,9)
(0,18,9)(1,3,17)(2,15,13)(4,20,6)(7,16,25)(8,19,21)(10,12,26)(11,24,22)
..
00110110000101010010000100000
00110110000110001001000001000
00111100000111010000000001000
00111100100000010001000100010
00111100100001001000001000100
00111110000011000000000000011
01111100000100000001000010010
01111110100000001000010000000
10111100100000000110001000000
10111100100100000000000101000
11111100000100110000000000000
11111000100000000000001001100
10110110000110000110000000000
01111000100100001000000000110
01110110000010000010000100100
00111111111000000000000000000
