111001001000110101
010011101101100001
111001000111001001
101100101000111010
000110110111001001
110110110001100010
100000011011110110
011100100001101101
010011100010011101
101100011101100001
010011010111000110
100011101011001010
100011010001101101
001001001110011110
110101110100000101
101111011000000110
011100010100110110
011111010001010001
001010001011111001
001001110100111001
101100010010011101
110101000001011110
011111100100001010
110110001011000101
111010000010101110
100011011110010001
111001110010010010
001001111011000101
100000101110101101
000101000111110101
000110111000110101
110101001110100010
000101110010101110
011100011011001010
011100101110010001
010000011101011101
101111100010100001
101100100111000110
000101111101010010
111010111000001001
111010001101010010
001010110001011110
000110001101101110
010000100111111010
010011011000111010
110110000100111001
001010111110100010
100011100100110110
