1010010010010100001000100000
0001100101000001000100011000
0100001000001010000101011000
1100100000010101010000001000
0000100000100101001000110010
0000001010110010010001000001
0011011000000000001101000001
1001000100110001001010000000
1010000100000000010110101000
0010010100100100010001000010
0010010011001000100001010000
1101001000000000011000100010
0010100000000000000011010111
0000000000011001100011001001
1000000100001100001001010001
1000101010001000101100000000
0100100100011000000010100010
0000000001001000011111000010
0001000001000100010001001101
1110110000000010000100000010
0000011100010000000001110100
0000110010000100000111001000
1000011001000100010100010000
0000011010000010001010010010
0000100000001110110010010000
0011010001010000000010001010
0010111000000001100010100000
1000000000010000001100001111
0101100000000010001010001001
0000001001010011001000101000
1011100000101000000001001000
0010000000001010101000100011
1000100110100000010000010100
0101010000000001010011010000
0110000000010000101110010000
1010001000011001000000010010
0010010000000111000000011001
0110000010000001001001001010
1001011010000001000000001100
0010001000001100001010001100
1010000000000101100101000100
0001000000110110100100100000
1100000010000011100000110000
1101000011010000000101000000
0010000110010010100000001100
0110000001000110000011100000
0111101010000100000000010000
0000000011010101000010010100
1000000011001110000000001010
0100001000000101000110000011
1010001101100000100000000001
0011000010001011000110000000
0001010000101000000100010110
1001110000010000100000010001
0100100000000000110101100001
0100010101100000001100100000
0001101000010000010110000100
0000010001000010100110000101
1011000001000010001000010100
0100000101000010010000010011
0000010010010001110100000010
0001101100000010100001000010
0001000110100000000000101011
0010100001011100000100000001
1000101000000110000000100101
0010001011000000000100100110
0100101001100001000001000100
0001001001001000000010110001
0000001000000001111000010101
1000010000000010111001001000
1000010001000001000001100011
0001000010000000101011100100
0001110011000010010000100000
0100000010000110011100000100
0000110100001011001000000100
0100001011000000110010001000
0101000001001101101000000000
0000000000100011010010001110
0001000010011000011000011000
1100010010101000000010000001
1000000001011000110000100100
0000001110001101010000100000
0100010000000100100000101110
0000111000001000010000001011
0111000000010001000000100101
