0000000000000001111111
0000000000001110001111
0000000001110000001111
0000001110000000001111
0001110000000000001111
0000010010000010010111
0000100000010100010111
0001000100100000010111
0010001001000000010111
0100000000100010100111
0001000010000100100111
0000101000001000100111
0000010100010000100111
0000100100000011000111
0000001000100101000111
0000000010011001000111
0111000000000001000111
1001000000010010000111
1010000100000100000111
1000010001001000000111
1000100010100000000111
0000100000100010011011
0000010100000100011011
0110000000001000011011
0001000010010000011011
0001000100000010101011
0000001000010100101011
0000010010100000101011
0010100001000000101011
0000010000010011001011
0000100010000101001011
0001001000001001001011
0100000100100001001011
1010000010000010001011
1001000000100100001011
1000100100010000001011
1100011000000000001011
0000000000011010110011
0010000000100100110011
0000100110000000110011
0001011000000000110011
0001000000000111010011
0000110000001001010011
0000001100010001010011
0000000011100001010011
1100000100000010010011
1000001010000100010011
1000010000110000010011
1011100000000000010011
0000001010000011100011
0000000100001101100011
0001000000110001100011
0100010001000001100011
1000100000000110100011
1101000000001000100011
1000000011010000100011
1000001100100000100011
1000000000101011000011
1100000000010101000011
1000101001000001000011
1001000110000001000011
0000000110010110000011
0110001000000110000011
0001100010001010000011
0000011100001010000011
0100100001010010000011
0001010001100010000011
0001010000011100000011
0100100000101100000011
0010010011000100000011
0001101100000100000011
0010001000111000000011
0100000111001000000011
0011000101010000000011
0000111010010000000011
1110000001100000000011
0101001010100000000011
0010110100100000000011
0011000000000010011101
0000000010100100011101
0000011000010000011101
0100100100000000011101
0000000010010010101101
0010010000000100101101
0000000101001000101101
0001001000100000101101
0000001001000011001101
0001000100000101001101
0000100000101001001101
0100010010000001001101
1000000100100010001101
1000101000000100001101
1001000010001000001101
1110000000010000001101
0000000100000110110101
0100000010001000110101
0001000001010000110101
0000110000100000110101
0000000000110011010101
0000000001001101010101
0001100010000001010101
0010010100000001010101
1000100000001010010101
1001010000000100010101
1000000110010000010101
1100001000100000010101
0001010000000011100101
0100100000000101100101
0010001000010001100101
0000000110100001100101
1010000001000010100101
1000000000110100100101
1000011010000000100101
1001100100000000100101
1000000010000111000101
1000001100001001000101
1000110000010001000101
1001000001100001000101
0000010001010110000101
0001100000100110000101
0010000100011010000101
0000001010101010000101
0101000110000010000101
0100111000000010000101
0011001000001100000101
0100001010010100000101
0100000101100100000101
0000110110000100000101
0101100000011000000101
0110010000101000000101
0001010010110000000101
0000101100110000000101
0110100011000000000101
0001011101000000000101
0100010000000010111001
0001100000000100111001
0000000100110000111001
0000001011000000111001
0000000110000011011001
0100001000000101011001
0010100000010001011001
0001010000100001011001
1000000000010110011001
1000000001101000011001
1000110010000000011001
1001001100000000011001
0000000000100111101001
0100000000011001101001
0011000010000001101001
0000101100000001101001
1000001000001010101001
1000000110000100101001
1001010000010000101001
1100100000100000101001
1001100000000011001001
1000010000001101001001
1000000010110001001001
1010000101000001001001
0000100101000110001001
0001001010000110001001
0001000000111010001001
0010110000001010001001
0100001100010010001001
0100000011100010001001
0010000010011100001001
0000001100101100001001
0000110000110100001001
0111000001000100001001
0100101010001000001001
0101010100001000001001
0000010111010000001001
0001101001010000001001
0010011001100000001001
0001100110100000001001
0000100001000011110001
0000000010010101110001
0000001000101001110001
0101000100000001110001
1001000010000010110001
1100000001000100110001
1000010100001000110001
1000101000010000110001
1000011000000011010001
0000100100100101010001
1001000000011001010001
1110000010000001010001
0000010000101110010001
0100100010000110010001
0101001000001010010001
0010001010010010010001
0001100100010010010001
0010000101100010010001
0100000100011100010001
0001001000110100010001
0001000111000100010001
0010111000000100010001
0000100010111000010001
0000101101001000010001
0011010010001000010001
0110010001010000010001
0101100001100000010001
0000011110100000010001
1000000100010011100001
1001001000000101100001
1000100010001001100001
1010010000100001100001
0000000011001110100001
0101000000010110100001
0000100100101010100001
0000011000110010100001
0010010110000010100001
0011101000000010100001
0100011000001100100001
0010100100010100100001
0000101010100100100001
0001010100100100100001
0000110001011000100001
0011000001101000100001
0110000010110000100001
0001001110010000100001
0110001101000000100001
0101110010000000100001
0000101000010111000001
0100010100000111000001
0110000001001011000001
0001000011010011000001
0000110010100011000001
0001001100100011000001
0001000010101101000001
0010000001110101000001
0001110001000101000001
0010001110000101000001
0000010100111001000001
0000011011001001000001
0011100100001001000001
0100100110010001000001
0101011000010001000001
0110101000100001000001
1001000100001110000001
1000001001100110000001
1000010010011010000001
1010100000110010000001
1000101110000010000001
1111010000000010000001
1010100001001100000001
1001100010010100000001
1000011100010100000001
1100010010100100000001
1100001001011000000001
1010000110101000000001
1101000100110000000001
1001111000100000000001
1011001011000000000001
1100110101000000000001
0000000100010010011110
0001001000000100011110
0000100010001000011110
0010010000100000011110
0000011000000010101110
0001000000011000101110
0110000010000000101110
0001000010000011001110
0010000001000101001110
0000010100001001001110
0000101000010001001110
1000100001000010001110
1000000010010100001110
0000100100100100001110
1000001000101000001110
1101000100000000001110
0001100000000010110110
0000010000001100110110
0000000010110000110110
0100000101000000110110
0000001000001011010110
0000000110000101010110
0001010000010001010110
0100100000100001010110
1000000000100110010110
1100000000011000010110
1001000011000000010110
1000101100000000010110
0000000000010111100110
0000000001101001100110
0000110010000001100110
0001001100000001100110
1000000110000010100110
1100001000000100100110
1010100000010000100110
1001010000100000100110
1100010000000011000110
1001100000000101000110
1000000100110001000110
1010001010000001000110
0000101010000110000110
0001010100000110000110
0101000001001010000110
0000110000110010000110
0010000011010010000110
0010001100100010000110
0000001100011100000110
0010000010101100000110
0101000000110100000110
0110110000000100000110
0010100101001000000110
0001011010001000000110
0100011001010000000110
0001100110010000000110
0001101001100000000110
0100010110100000000110
0000000010000110111010
0000001100001000111010
0000110000010000111010
0101000000100000111010
0100000001000011011010
0000000000110101011010
0000011010000001011010
0001100100000001011010
1001010000000010011010
1100100000000100011010
1010001000010000011010
1000000110100000011010
0000100000001011101010
0001010000000101101010
0000000110010001101010
0010001000100001101010
1000000000110010101010
1000000001001100101010
1001100010000000101010
1010010100000000101010
1000000100000111001010
1100000010001001001010
1001000001010001001010
1000110000100001001010
0001100000010110001010
0100010000100110001010
0000001010011010001010
0000000101101010001010
0011001001000010001010
0000110110000010001010
0001000110001100001010
0000111000001100001010
0100000101010100001010
0000001011100100001010
0010010001011000001010
0011100000101000001010
0100100010110000001010
0001001100110000001010
0101010011000000001010
0110101100000000001010
0000000100100011110010
0000101000000101110010
0001000010001001110010
0010000001010001110010
1000001001000010110010
0001000100010100110010
1000100000101000110010
1100010010000000110010
1000100010000011010010
1010010000000101010010
1000000101001001010010
1001001000100001010010
0000100100001110010010
0000011000010110010010
0100000010101010010010
0011000000110010010010
0010110001000010010010
0001001110000010010010
0011000001001100010010
0110000010010100010010
0001100010100100010010
0100001100100100010010
0000010110011000010010
0001101000011000010010
0000011001101000010010
0000100101110000010010
0100101011000000010010
0111010100000000010010
1011000000000011100010
1000000010100101100010
1000011000010001100010
1100100100000001100010
0001001000100110100010
0010000101000110100010
0010010000101010100010
0001010010010010100010
0000101100010010100010
0000100011100010100010
0000100010011100100010
0000010001110100100010
0101100001000100100010
0000011110000100100010
0100000100111000100010
0010001011001000100010
0001110100001000100010
0111001000010000100010
0011000110100000100010
0100111000100000100010
0000010010001111000010
0010100000100111000010
0001000100011011000010
0100001000110011000010
0110000110000011000010
0001111000000011000010
0100001001001101000010
0001001010010101000010
0000110100010101000010
0001000101100101000010
0110100000011001000010
0101010000101001000010
0010010010110001000010
0000101110100001000010
0011100011000001000010
0010011101000001000010
1010000000011110000010
1101000010000110000010
1100101000001010000010
1000010101010010000010
1000011010100010000010
1001100100100010000010
1000010100101100000010
1000101000110100000010
1000100111000100000010
1001011001000100000010
1001000010111000000010
1010110010001000000010
1011001100001000000010
1100001110010000000010
1101110000010000000010
0000000000101010111100
0100000000010100111100
0001000110000000111100
0010101000000000111100
0000100000000111011100
0101000000001001011100
0000000011010001011100
0000001100100001011100
1000001010000010011100
1000000100001100011100
1001000000110000011100
1100010001000000011100
0100000100000011101100
0000001010000101101100
0000010000110001101100
0001100001000001101100
1001000000000110101100
1000110000001000101100
1000001100010000101100
1000000011100000101100
1000000000011011001100
1100000000100101001100
1000100110000001001100
1001011000000001001100
0000001000110110001100
0010000110000110001100
0000010011001010001100
0101010000010010001100
0110100000100010001100
0001101100000010001100
0000100001011100001100
0001010000101100001100
0101100010000100001100
0100011100000100001100
0000000110111000001100
0110001001001000001100
0011001010010000001100
0010110100010000001100
0011000101100000001100
0000111010100000001100
0010000010000011110100
0001000000100101110100
0000100100010001110100
0100011000000001110100
1000010000010010110100
1000100010000100110100
1001001000001000110100
1010000100100000110100
1001000100000011010100
1000001000010101010100
1000010010100001010100
1010100001000001010100
0001000010010110010100
0110000001000110010100
0100010100001010010100
0000101001010010010100
0000100110100010010100
0001011000100010010100
0000101000101100010100
0000010100110100010100
0000011011000100010100
0011100100000100010100
0010000001111000010100
0001110001001000010100
0010001110001000010100
0100110010010000010100
0101001100010000010100
0111000010100000010100
1000100000100011100100
1000010100000101100100
1110000000001001100100
1001000010010001100100
0010100000001110100100
0000010010100110100100
0100001000011010100100
0001000100110010100100
0001001011000010100100
0000110101000010100100
0101000100001100100100
0000000111010100100100
0001101000010100100100
0010001001100100100100
0010010010011000100100
0001100010101000100100
0000011100101000100100
0100100001110000100100
0111010001000000100100
0100101110000000100100
0000000100101111000100
0101001000000111000100
0100100010001011000100
0000001110010011000100
0011100000010011000100
0010010001100011000100
0100010000011101000100
0000100010110101000100
0000101101000101000100
0011010010000101000100
0001001000111001000100
0001000111001001000100
0010111000001001000100
0110000101010001000100
0100001011100001000100
0001110100100001000100
1000011000001110000100
1000100100010110000100
1011000000101010000100
1100000010110010000100
1100001101000010000100
1001110010000010000100
1100000011001100000100
1011000001010100000100
1000110001100100000100
1001000110100100000100
1000101010011000000100
1001010100011000000100
1100100100101000000100
1010011000110000000100
1010010111000000000100
1111101000000000000100
0001000000010011111000
0010000100000101111000
0000010001001001111000
0000100010100001111000
1000100100000010111000
1000001000100100111000
1000000010011000111000
1011000001000000111000
1010000000100011011000
1001000010000101011000
1000101000001001011000
1000010100010001011000
0010001000001110011000
0001000100100110011000
0100100000011010011000
0000010010110010011000
0001100011000010011000
0000011101000010011000
0100010010001100011000
0001010001010100011000
0000100110010100011000
0010100001100100011000
0011000100011000011000
0001001010101000011000
0000110100101000011000
0100001001110000011000
0110000111000000011000
0101111000000000011000
1000010010000011101000
1000100000010101101000
1001000100100001101000
1100001001000001101000
0000010100010110101000
0100101000000110101000
0101000010001010101000
0110000001010010101000
0000001110100010101000
0001110000100010101000
0110000000101100101000
0001000010110100101000
0000110011000100101000
0001001101000100101000
0000101000111000101000
0010100110001000101000
0011011000001000101000
0100011010010000101000
0101100100010000101000
0100010101100000101000
0001000001001111001000
0100000010010111001000
0000011000101011001000
0000100100110011001000
0010101010000011001000
0011010100000011001000
0100100100001101001000
0010011000010101001000
0000010110100101001000
0001101000100101001000
0000001101011001001000
0010000011101001001000
0111000000110001001000
0001110010010001001000
0110110001000001001000
0101001110000001001000
1000100010100110001000
1010010001000110001000
1110000100001010001000
1001000110010010001000
1000111000010010001000
1101001000100010001000
1001001000011100001000
1010000100110100001000
1110001010000100001000
1001110100000100001000
1100010000111000001000
1101100001001000001000
1000011110001000001000
1010100011010000001000
1000101101100000001000
1011010010100000001000
1000000000001111110000
1100000000110001110000
1000001110000001110000
1001110000000001110000
0000100000110110110000
0011010000000110110000
0001000101001010110000
0100000110010010110000
0110001000100010110000
0000111010000010110000
0000001001011100110000
0000000110101100110000
0101001010000100110000
0100110100000100110000
0001010000111000110000
0110100001001000110000
0011100010010000110000
0010011100010000110000
0010010011100000110000
0001101100100000110000
0000000101010111010000
0000001010100111010000
0010010000011011010000
0001100000101011010000
0101010010000011010000
0100101100000011010000
0010100010001101010000
0101100000010101010000
0100010001100101010000
0001011100000101010000
0100001010011001010000
0110000100101001010000
0001000110110001010000
0000111000110001010000
0000110111000001010000
0111001001000001010000
1000010110000110010000
1001101000000110010000
1010000011001010010000
1000001100110010010000
1101000001010010010000
1100110000100010010000
1000110000011100010000
1101000000101100010000
1000000011110100010000
1010001101000100010000
1001100110001000010000
1110011000001000010000
1001011010010000010000
1110100100010000010000
1001010101100000010000
1010101010100000010000
0000011001000111100000
0001000110000111100000
0000000010111011100000
0010001100001011100000
0100110000010011100000
0101000001100011100000
0011000000011101100000
0000110000101101100000
0000001100110101100000
0110000011000101100000
0100010110001001100000
0101101000001001100000
0000101011010001100000
0001010101010001100000
0010100101100001100000
0001011010100001100000
1000001010010110100000
1100000100100110100000
1001100000011010100000
1100010001001010100000
1110100010000010100000
1001011100000010100000
1001010010001100100000
1000101100001100100000
1110010000010100100000
1011100000100100100000
1010000101011000100000
1100001010101000100000
1001001001110000100000
1000100110110000100000
1101000111000000100000
1010111001000000100000
1001000000110111000000
1100100001000111000000
1001001010001011000000
1000110100001011000000
1010001001010011000000
1000000111100011000000
1000000110011101000000
1010001000101101000000
1000111010000101000000
1111000100000101000000
1000100001111001000000
1011010001001001000000
1100010011010001000000
1001101100010001000000
1101100010100001000000
1100011100100001000000
0100000001111110000000
0100001110001110000000
0101110000001110000000
0010110010010110000000
0011001100010110000000
0011000011100110000000
0000111100100110000000
0000100111011010000000
0001011001011010000000
0010101001101010000000
0001010110101010000000
0001101010110010000000
0110010100110010000000
0110011011000010000000
0111100101000010000000
0000011010111100000000
0001100100111100000000
0001101011001100000000
0110010101001100000000
0110101001010100000000
0101010110010100000000
0110100110100100000000
0111011000100100000000
0111000011011000000000
0100111100011000000000
0100110011101000000000
0101001101101000000000
0010001111110000000000
0011110001110000000000
0011111110000000000000
