100100111010010000101
110010010101001000101
011011001010000100101
001101100101100000101
000101010011001100011
100010101001100100011
010001011100110000011
001010100110011000011
101000100011001101100
010100011001100101100
101010001100110001100
010101000110011001100
011000110001010110001
001110011000101010001
100111000100010110001
110001100010101010001
001101101000010101010
100100110100101001010
110010010010010101010
011011000001101001010
001001010110100111000
000110100011110011000
100001011001011011000
010010101100001111000
111100001111000000010
000000000101111110110
010111110000000010110

