000010010000010000000000101
001000100100000000001000100
001000010000100010000001000
000000100001010000010001000
001000001000010000100000010
000010100000000100000010010
000100100000000010100100000
000100010100000100010000000
000100000000110000001010000
000010001000100001000100000
000000000100000011000010001
000010000100001000100001000
000000010000001000001100010
000100001001001000000000001
001000000010000100000100001
000000001010000010010000100
000001000000100100100000100
000011000001000010001000000
000101000000000001000001010
001001000000001000010010000
010000001000000100001001000
010000000000100000010000011
010000010001000000100010000
010000100010001001000000000
010001000100010000000100000
100000000000000000000111100
100000000000000001111000000
100000000000011110000000000
100000000111100000000000000
100001111000000000000000000
111110000000000000000000000
