00000000111011100
00000001110000111
00000010010110101
00000010100011011
00000011001010110
00000011011001001
00000100001111001
00000100011100110
00000101010011010
00000101100110100
00000110101000101
00000110110101000
00001000010101011
00001001000011101
00001001011110000
00001010001101100
00001010111000010
00001100100001110
00001100110010001
00001101001000011
00001110000110010
00001111010000100
00010000000111110
00010000011010011
00010001001100101
00010010101110000
00010011010100010
00010011100001100
00010100010001101
00010100100100011
00010101111000000
00010110001001010
00010111000010001
00011000101001001
00011000110100100
00011001100010010
00011010000000111
00011010010011000
00011100001010100
00011101000101000
00100000101101010
00100010010001110
00100011100100001
00100110011010000
00101010100010100
00101110000001001
00111000000110001
01000000001001111
01000000111100001
01000001010101100
01000010100100110
01000011110010000
01000100101010010
01000101100001001
01000110000011100
01000110010000011
01000111001100000
01001000010010110
01001000100111000
01001001101000100
01001010001010001
01001011000001010
01001100011001000
01010000100010101
01010000110001010
01010010000101001
01010010011000100
01010100010110000
01010101000000110
01011000001100010
01011110100000000
01100001000110010
01100100000100101
01101000100000011
01101010010100000
01110000001011000
01110001010000001
10000000100101101
10000000110110010
10000001101010001
10000010001100011
10000011000111000
10000100000010111
10000101001001100
10000111100000010
10001000001011010
10001000011000101
10001001110001000
10001100101100000
10010000011101000
10010000101000110
10010001000001011
10010001010010100
10010010110000001
10010100100011000
10010110000100100
10011011001000000
10011100010000010
10100000010011001
10100101010100000
10101000000100110
10110010000010010
10110100001000001
11000000001110100
11000001011000010
11000010101001000
11000100000101010
11000100110000100
11001001000100001
11011000000001100
11100011000000100
11101100000010000
11110000100100000
