01101000000111100001010101010100
00111000110011000010101001000011
01111011001000010000101100100100
01000100111011001000110100101000
01000001010101000111001000101110
00001011101010001101000001001101
00110000011000001101000111110010
10101000101000100011011010101000
11011101001101001010000011000000
10010000000011011101111010000100
01001010010000010110110011011000
00000001101001010010010110010111
10000001000110000000101111111001
00011100100100100100100110001110
10100101011010100110100000010100
11100100100000011000001001011110
00110101000001110100010001101001
00001110010001101000001010110101
11001000000010111110000100100011
01100001110100111001100010000001
00000111000000101011111101000010
10000010111101110100001101000000
01100110001110000100011010000011
11010010001001100001100000011011
10110010010100001010010100001101
