000000000110111000101111000000
000000101111000000111000110000
011000000000000111000000110111
000000011111000111000011000000
000011000101111000000000111000
000000000000011000111000101111
000110111000000011000000111000
000000000011000000000111111101
001001001010001010001001100100
001001001010010100010100010010
001001001010100001100010001001
001001010001001100100001001010
001001010001010001001100100001
001001010001100010010010010100
001001100100001001010001010001
001001100100010010100100001100
001001100100100100001010100010
001010001001001001010100001100
001010001001010010100010100010
001010001001100100001001010001
001010010100001010001100010010
001010010100010100010010001001
001010010100100001100001100100
001010100010001100100100100001
001010100010010001001010010100
001010100010100010010001001010
001100001100001100100010010100
001100001100010001001001001010
001100001100100010010100100001
001100010010001001010010100010
001100010010010010100001010001
001100010010100100001100001100
001100100001001010001010001001
001100100001010100010001100100
001100100001100001100100010010
000000000000000111111101011000
000000111000111110000000000101
011111000111000000000101000000
111000000000000000011111000110
010001001100001100001100001001
010001001100010001010010100100
010001001100100010100001010010
010001010010001001100100010100
010001010010010010001010001010
010001010010100100010001100001
010001100001001010010100100010
010001100001010100100010010001
010001100001100001001001001100
010010001010001010010010010001
010010001010010100100001001100
010010001010100001001100100010
010010010001001100001010100100
010010010001010001010001010010
010010010001100010100100001001
010010100100001001100010001010
010010100100010010001001100001
010010100100100100010100010100
010100001001001001100001100001
010100001001010010001100010100
010100001001100100010010001010
010100010100001010010001001100
010100010100010100100100100010
010100010100100001001010010001
010100100010001100001001010010
010100100010010001010100001001
010100100010100010100010100100
100010100001100001010010100001
100010001100001100010001100010
100001001001001001001010010010
100100010001100010001001100010
100010010010001001001001001001
100100100100010010010010010010
100010100001001010100001010100
100001010100100001010100001010
100100001010001010100100001010
100001010100001010100010100001
100100001010010100001010100001
100001100010010001100001100010
100010010010010010010100100100
100010010010100100100010010010
100100100100001001001100100100
100001001001010010010001001001
100100010001001100010100010001
100100001010100001010001010100
100010001100010001100100010001
100100100100100100100001001001
100001010100010100001001010100
100001100010100010001100010001
100100010001010001100010001100
100001001001100100100100100100
100001100010001100010010001100
100010100001010100001100001010
100010001100100010001010001100
000011111000000000000111000011
111000000011111011000000000000
110000110111000000000000000111
111000111000000101110000000000
111101000000000000101000111000
000111110000101000111000000000
000111000000011111000110000000
101111000000110000000000000111
