001000000010110101110000000
100000100000000101011100100
000000101111000100100100000
011101010000100000010010000
000011000001101100010100000
110110000000000100110001000
011100000000010011000001001
000000100010011010000100101
000000011101000001010000110
010100000011100010100000100
101100001000100110000100000
010011001100100001100000000
100010001100001000001100001
001001000000101010101000001
001100110010000100000001100
100001011000011010010000000
100110001010010001000000100
000001011010100000001100100
001000101010000011001010000
000001000110000010110010010
000111100000000010001101000
010000001010001100010010100
001000010001000010110101000
010010010010000111000100000
000101101000000000110000101
001000010000011100001110000
010000001000010110101000010
110001100000110100000000001
110100110001001000000100000
110000101100000010000001100
010100000010000000011100011
100000001001100000111010000
001010000001000100001000111
010000000101011000110000001
011000000110101000000101000
010000110000010001100010100
001001001100000100011001000
000010100100011101000001000
000000111001010000001001001
000000000000111000011001110
111000000101000101000010000
001000001100110000000010101
001101001011001000000000010
010001100011000001010001000
000101010001000101101000000
001001110100000001000100001
000100100001010110010010000
000110000110100100001010000
000000000110000001101001101
000001000000100111000011100
000011000000010001011010001
101100100100010000101000000
110010000000101010000010010
100000000011001110001001000
100010100001000011100000001
101011000000000000100110100
000000010011101001000010001
000001100101001000001010100
000010110010001000111000000
011010101000010000010100000
000110010000110000100100001
101010010000100001001001000
000010001010100010010001001
101000100000001000010011001
000010000011010000000111010
100000010100101100100000100
010011010000001000000001101
000000000101110011001100000
000101000100010100000100110
100100010000000010001010101
001110000100001010010000100
000011111000000100000010010
100100000101100000000001011
111000011010000000100000001
000100001000001001100111000
010001001001000010000110001
