000000000011111111
000000011100011111
000000101101100111
000000110110101011
000000111011010101
000001001110110110
000001010101111010
000001101001111100
000001110001001111
000001110110011100
000001111011100010
000001111100110001
000010001111011100
000010011001101110
000010100110010111
000010101011101001
000010101100111010
000010110011011010
000010111110100100
000011000110111001
000011001011000111
000011010011110100
000011010100100111
000011011001011001
000011011110001010
000011100001110011
000011101100001101
000011110111000001
000100001101111001
000100010110110101
000100011011001011
000100100111001101
000100101010110011
000100110101010011
000100111000101101
000101000111100011
000101001010011101
000101001101001110
000101010010101110
000101011111010000
000101100011010110
000101101110101000
000101110101100100
000101111000011010
000110000101110110
000110010000111011
000110010111101000
000110011010010110
000110011101000101
000110100010111100
000110101111000010
000110110100001110
000110111001110000
000111000001101101
000111001100010011
000111011010100001
000111100010001011
000111100101011000
000111101000100110
000111110000010101
001000001111101010
001000010111011001
001000011010100111
001000011101110100
001000100101011110
001000110011101100
001000111110010010
001001000110001111
001001001011110001
001001010000111101
001001011101000011
001001100010111010
001001100101101001
001001101000010111
001001101111000100
001001111010001001
001010000111100101
001010001010011011
001010010001010111
001010011100101001
001010100000101111
001010101101010001
001010110010110001
001010110101100010
001010111000011100
001011000111010010
001011001010101100
001011010101001100
001011011000110010
001011100100110100
001011101001001010
001011110010000110
001100001000111110
001100010011110010
001100011110001100
001100100001110101
001100100110100110
001100101011011000
001100101100001011
001100110100111000
001100111001000110
001101000001011011
001101001100100101
001101010011000101
001101010100010110
001101011001101000
001101100110010001
001101110000100011
001110000011001110
001110000100011101
001110001001100011
001110001110110000
001110010110000011
001110101010000101
001110110001001001
001111000100101010
001111001001010100
001111010010011000
001111100011100000
001111111100000000
010000110001111001
010001001010101011
010001011001100101
010001101101010010
010010010011100011
010011000101010101
010011010010001101
010011100110100010
010011101010010001
010100000110111010
010100001011100110
010100110000110110
010101011100100010
010101100100000111
010110001001011010
010110001100101100
010110100100110001
010110111010001000
010111010001000110
011000101010110100
011000101011000011
011000111101001000
011001000011011100
011001010110101000
011010000101111000
011010001101000110
011010010110010100
011100000010010111
011100010101100001
011100111000010001
011101110000001100
011111001000001001
100000111010111000
100001010011101001
100001101010100101
100010010101110001
100010010111000110
100010111010000011
100011000001011110
100011001101100100
100100010001100111
100100100001111010
100100101100110100
100101110110000010
100110000011010011
100110001010101010
100110101000011001
100111011000001100
101000000110111100
101000001011010110
101000111001100001
101001001001001101
101001101100100010
101001110001011000
101010110110001000
101011000010010101
101100000100110011
101100110010010100
101101001010000011
101101010100001001
101110001101001000
101110010100100100
110000000110100111
110000001011011001
110000010010011110
110000010101001101
110000011000110011
110000011111100000
110000100001010111
110000100111001010
110000101100101001
110000110110010001
110000111100000110
110001000011110010
110001000100011011
110001001110001100
110001010100110100
110001011001001010
110001100000101110
110001110011000100
110010000011101100
110010001000001111
110010001110010010
110010010100101010
110010011001010100
110010100100011100
110010101001100010
110010110000100101
110011001000111000
110011011100000001
110011100001001001
110011110000010010
110100000000111101
110100000111010100
110100001101000011
110100011010000101
110100011100011000
110100100011100001
110100101001001100
110100110000001011
110101000101101000
110101001000010110
110101010001010001
110101100010011000
110110000110001001
110110010010110000
110110100010000110
110110110101000000
110111000000100011
110111001011000000
111000000001101011
111000001100010101
111000010101010010
111000011000101100
111000100010001101
111000100101100100
111000101000011010
111000110010100010
111001000111000001
111001010000000111
111001011010010000
111001100000110001
111010000000110110
111010001010100001
111010010000011001
111010100011010000
111010100100000011
111011000010001010
111011010001100000
111011101000000100
111100000100001110
111100001001110000
111100010011001000
111100101110000000
111101000010100100
111101100001000010
111110000001000101
111110011000000010
111110100000101000
111111000100010000
