0001100010001000010010001
0001101000010100000001001
1010100010000000000101001
0000000000000100110111001
0000110100000000001011001
1000100000010001100010001
0100110010000100100000001
1000100000000100011000101
1000001110000100000010001
0010100001000110000010001
0100101000000000000110101
0000100100001101000100001
0010101100000000110000001
0000100110010010000000101
0000101011000001001000001
0001100000000010101100001
0000100001001000100001101
0000110001010000010100001
1000111000001010000000001
1101100101000000000000001
0100100000000011010001001
0110100000011000001000001
0011110000000001000000101
0100001001001100010000001
1100000000010110000100001
0100000110000000011100001
0100000100001010100010001
0000001010011000100100001
1100001000000000101001001
1000000100011000010001001
1000000001001000001110001
0100000011010000000011001
0000000010001110001001001
0000001101000010000101001
0000001000010010011010001
0000000101010100101000001
1000000011000010110000001
0101000000010000110000101
0001000001011011000000001
0101010000001000000101001
1100000010001001000000101
1001001000000001010100001
0111001010000010000000001
0101000000000101001010001
1001010010010000001000001
1001000000000010000011101
0001000011000100000100101
1011000000001100100000001
0001000110000001100001001
0001001100001000001000101
0001010100000110010000001
0011000001000000011001001
0001011001000000100010001
0011000100010000000110001
0100010001000010001000101
0000010000011100000010101
0000000000010001001101101
0000010000001001111000001
0010000000001010010100101
1000010100000000100100101
0000000101000001010010101
0000010010000011000110001
0000001000000111100000101
0000011010000000010001101
0010000010000000101010101
0110000100000100000001101
1010001001010000000000101
1000010001000101000001001
0010010000010010100001001
0010010111001000000000001
1010000100000011001000001
0110000001000001100100001
0010001000001001000011001
0010011000000100001100001
0100011100010001000000001
0010000010010101010000001
1110010000000000010010001
0000010001101010000011000
0000000001111000011000100
0000010000011010001100010
0100011010101000001000000
0000010011000000011010010
0000010101100001001100000
0000011001001001000000110
0100000101001000001001010
0001110001001100001000000
0100001000011010000001100
1010010000001000001001100
0010001001001010101000000
1100010001011000100000000
1000110011100000000000100
0010110000100010011000000
0000110101000010100000010
1100110000000001001000010
0100100001100000101010000
0010100001000000001100110
0000111000010000101000100
1000100001010010001001000
0110111001000000000001000
1110100000000010100000100
0100100011001010000100000
0000100000001011001010100
0100110100001000010000100
0101101000001000100000010
0000100000111110100000000
0101110000010010000010000
0001010010001010100000100
0010110000001000100110000
0100000000001100101100100
0000110000000110000101100
0110010000001111000000000
0111000001001000000010100
1001100000011000000100100
0010101010001100000000100
1100100000001100000011000
0011100100001010000001000
1000000101001110000000100
0100101100000110001000000
0101100010000000001001100
0100100001010101000000100
1101000000001010011000000
0001101001000010010000100
1000100110001000101000000
0000101101011000000010000
0000101000001000011101000
0000110010011001000001000
1010100001001001010000000
0001000000011000101011000
0010000001011100000101000
1001001011001000000001000
0000011100001100100001000
1000001000011101001000000
0011011000011000010000000
0101000110011100000000000
0001001000001110000110000
0101000001000110100001000
0011000000010110001000100
1101011000000100000000100
0101001001010000001100000
0000011011010110000000000
0000001001000100001011100
0001010101010000000001100
0100010000010100011001000
0001011000000011001001000
0001000000001101010001100
1010110100010100000000000
1110000011000100001000000
1011010001000010000100000
1011101000000000001010000
1000010000000110101010000
1000101001000100100100000
0011100011010000100000000
0111010100000000101000000
0010100000000101101001000
1001000001000001101000100
0010010001000100110000100
1001110000000000110001000
0001100100000100100010100
0111100000000100010100000
1001100010000111000000000
0011010010000100000011000
1001000100000100001101000
0011001000000000100101100
1000000010010100100001100
0001001010000100111000000
0001010000010101100100000
1001001100010010100000000
0110001000010100100010000
1001000001010100010010000
0011001101000101000000000
1010001000000110010001000
1111000000010001000001000
0000100010010100001110000
0001111110000000000100000
0000101010000010100011000
0100100100010000100101000
0000100111000100010001000
0001100001000001000111000
1000101100000001000001100
0010100000010000010011100
0010101000010011000100000
1100101010010000010000000
0001100100010001011000000
0000111000000101010010000
0000000100010111000011000
0101001100000000010011000
0010001110010000001001000
1000011000010000000111000
0110000000000010001111000
1100010110000010000001000
1010000101000000100011000
0100001010000101000101000
0001000010010010010101000
1010000010011010000010000
1110001100001000000100000
1000000000001011100101000
0110000010001000110001000
1001010100001001000010000
0010000100001100011010000
0011000010001001001100000
1000010010001100010100000
1010000000010000111100000
1010011010000001100000000
0010000110000110100100000
1101000010000000100110000
1011000110000000010000100
1010000000000101000110100
0000000011001101100010000
0001000101001000110100000
1000001000001000110010100
0010000100011001100000100
0000001100010100010100100
0001001010010001000010100
0000000001010010100110100
0100001111000000100000100
0000000110001000000111100
1000001010000010001100100
0110010010010000000100100
0010011100000010000010100
1100000100010000001010100
1100000001000000010101100
0010000011000011000001100
0110001000000001011000100
1000010000010011010000100
0000000100000010111001100
0100010000000001100011100
0011000000000011110010000
1100000100000101110000000
0000001001010001110001000
0100000010010011101000000
1100001001000011000010000
0100011000000010110100000
0110000101010010010000000
0100000010000110010010100
0101000100000011000100100
0110100110000001000010000
1000100100000010010110000
0000100010000001110100100
0000001110001011010000000
0100000000011001010110000
0010010100000001010001010
1000000000100001011011000
0000001100000001101010010
0000010100110000110010000
0100010100000100000110010
0001000110100010001010000
1000000110010001000100010
0000000001000111010100010
0101000011100001010000000
0010001010100000010110000
0010000001110001000010010
1000001101100000010000010
0000000011100000100101010
0000000010100101001000110
0001010000100000010100110
