1000100001001001000011000110100
1001010000000100100001100011010
0010001100010000100100100110100
1000101000100010000000110001101
0010000110101000000010010011010
0100010010000110001000010110100
1000010100010001010000011000110
0010000011010100010001000001101
0100001001000011010100000011010
1000001010001000111000000100011
0011000001001010001000101000110
0101000100000001101010000001101
1000000101100100001100001010001
0011100000000101000100010100011
0100100010100000100101001000110
1001000010010010000110001101000
0010110000000010110010001010001
0100010001110000000010100100011
0010011000100001001001001101000
0101001000011000000001011010001
0100100100001100010000101101000
0000001011000101100010111000000
0001000101100010110001010100000
0001100010110001011000100010000
0000110001011000101100010001000
0001011000101100010110000000100
0000101100010110001011000000010
0000010110001011000101100000001
1111111111000000000000000000000
1110000000111111100000000000000
1110000000000000011111110000000
