$EXEC orbitx
(19,18)(17,15)(14,12)(11,10)(9,8)(7,5)(3,0)(2,1)
(19,14,5,4,18,11,8,3,17,13,6,2,16,10,9,1,15,12,7,0)
(19,13,5,4)(18,12,7,1)(17,11,9,3)(16,10,6,0)(15,14,8,2)
..
00011101001010011000
00011101101100010000
00110011101100010000
00110110001100011000
01010100101100011000
01011001001110010000
01100100111100010000
01100110001111000000
01101011101000010000
01110100001110010000
01110111001000010000
10001011001100011000
10001110101100010000
10010101001100011000
10011011101000010000
10100111101100000000
10101110001110000000
10101111001000010000
10110101001110000000
10110101101000010000
11000010111100010000
11000101001010011000
11000111001100010000
11001101101000010000
11011000101100010000
11100001001110010000
11101010001100010000
11101101001100000000
11111100001000010000
..
00000000000111111011
00000000001011111101
00000000001101111110
00000000001110011111
00000000001111100111
00000011110000011011
00000011111101100000
00000101110000011101
00000101111110100000
00000110110000011110
00000110111111000000
00000111000000011111
00000111001111100000
00000111110000000111
00000111110011100000
01111000000000011011
01111000001101100000
01111101110000000000
10011111110000000000
10111000000000011101
10111000001110100000
11011000000000011110
11011000001111000000
11100000000000011111
11100000001111100000
11101110110000000000
11110111010000000000
11111000000000000111
11111000000011100000
11111011100000000000
