01111111000000000
11101000111000000
11100110100100000
01110001011100000
01101010001110000
01000111010101000
11010000101101000
11000101100011000
01010010011011000
01011100000111000
11001011100000100
01011100011000100
11010000110010100
01000111001010100
01001001010110100
01101010010001100
01100100001101100
01110001000011100
00011110100100010
10001001011100010
10011100010010010
00001011101010010
00000101110110010
10010010001110010
00100110110001010
10110001001001010
00101000101101010
10100100000111010
00110011100000110
10100100011000110
10101010000100110
00101000110010110
10010010010001110
00000101101001110
10001001000011110
00010000100111110
10101110010000001
00111001101000001
10110101000010001
00100010111010001
00101100100110001
00001111100001001
10011000011001001
10010110000101001
00000001111101001
00010100110011001
10000011001011001
00011010110000101
10001101001000101
10000011010100101
00010100101100101
10011000000110101
00100010100101101
10100000010011101
01010110010000011
11000001101000011
01011000001100011
01001101000010011
01100000011001011
01100000000110111
01000011000001111
00000110011001101
00001100001110110
00010111000011010
00011101010100001
00100001010101110
00101011000010101
00110000001111001
00111010011000010
01000100100101011
01001110110010000
01100011101001000
01111000100100100
10000000111011010
10001010101100001
10010001100001101
10101101100000010
11000010000111100
11001000010000111
11011001001010000
11110100010001000
00000011110011100
00001001100100111
00010010101001011
00011000111110000
00101110101000100
00110101100101000
01000001001111010
01001011011000001
01010000010101101
01011010000010110
01100110000011001
01101100010100010
10000101010001011
10001111000110000
10010100001011100
10100010011101000
10101000001010011
10111001010000100
11011100100000001
11100000100001110
00000001011010111
00000010010111011
00000010111100110
00000101000111101
00000110100010111
00000110101111000
00000111001100011
00001000101011101
00001011001101100
00001100110101100
00001100111000011
00001101011011000
00001111010000110
00010011100110001
00010100011101010
00010110010110100
00010111111000000
00011001110001010
00011100000001111
00011101100010100
00011110001010001
00100001100011011
00100001101110100
00100010001011110
00100101110000101
00101000011100101
00101011110100000
00110000110100011
00110000111001100
00110011010001001
00110100101010010
00111001000110010
00111010100011000
01000100010011110
01000100011110001
01001101101100000
01001110000100101
01001110001001010
01010101000100110
01010101001001001
01010110100001100
01100000110111000
01100011010010010
01101001000101001
01101001001000110
01101010100000011
01110010000101010
01110010001000101
01111000010010001
10000000001101111
10000011100101010
10001001110010001
10001010011010100
10010001010111000
10011000101000110
10011011000000011
10100100101001001
10100111000001100
10111100001100000
11000001011001100
11000010110001001
11001000100110010
11010000000011011
11011010010100000
11101100000010100
