$EXEC orbit
(0,1,2,3,4,5,6,7,8,9,10,11,12,13,14,15,16)(17)
..
001111000000000001
011101010000000000
011100100000100000
011100001100000000
011100000001001000
011010010000100000
011010001000001000
011010000100010000
011001001010000000
011001000100001000
011001000000100010
011001000000010100
011000110001000000
011000101000000100
011000100110000000
011000010010000010
011000001000010010
011000000101000010
011000000100100100
011000000010101000
010101001000000100
010101000000101000
010100101000001000
111100000010000000
111010000000000100
111000100000000010
111000010000001000
111000001001000000
110101000000010000
110100100000000100
110100010000100000
110010000010001000
..
