$EXEC orbit
(0,1)(2,3)(4,5)(6,7)(8,9)(10,11)(12,13)(14,15)
(0,2)(1,3)(4,6)(5,7)(8,10)(9,11)(12,14)(13,15)
(0,4)(1,5)(2,6)(3,7)(8,12)(9,13)(10,14)(11,15)
(0,8)(1,9)(2,10)(3,11)(4,12)(5,13)(6,14)(7,15)
(1,2,3)(5,6,7)(9,10,11)(13,14,15)(16,17,18)
(2,3)(6,7)(8,12)(9,13)(10,15)(11,14)(17,18)
..
1101110001001100001
1111100101000000110
1001111110000000011
1001110100010110010
1001110000110000111
1001100100101100011
1001100100110011100
1001100110010100101
1001110111010001000
1001110011101000010
1001111000010011001
