000001001111011011011010
000001011001100101011111
000011011010111110010100
000101100001101110101101
000101111100101000110110
000110000111110101101100
000110110011000011111010
000110110110110100010011
000111101011011001100001
001000011101010111100110
001000100010111111001011
001000110111101010011100
001001001110110101110001
001001110000011011110101
001010001001110010111101
001010101111001100000111
001011100101111010100010
001011110101000100111001
001100010111101001100011
001100101100010001011111
001101101011100010010011
001101111110010110001000
001110001110001011110100
001110011000001110101011
001111000100100111011010
001111010011000111000101
001111010100111000001101
010000111110000101101011
010001100110011100011101
010001110100110011001110
010010000101001110111110
010010010010101011101101
010010011101111100100001
010011100001110111010001
010011101110100010111000
010011111001000010100111
010100001011010110001111
010100011111100111010000
010100111000111010011001
010101000010001111110011
010101000101110000111011
010101010111011010100100
010110101100011111000010
010110110101001001010101
010111001110100001000111
011000001110111000101110
011000101011011110110000
011000111011110001000101
011001010011100110101010
011001100111000001110110
011010101000101001110011
011010111000000111011100
011011000000010101101111
011011110110101101000000
011100000001111011010110
011100010100011101111000
011101011010000000111101
011101110001011100000011
011110000011101100011001
011110111101100000001010
011111001101010100010100
011111011000110011100000
011111100010001010001110
100000100101011101110011
100000101010001010111111
100000111110111011100000
100001000011110011100111
100001010110000111111100
100010101101100011010110
100010111011100110001001
100011000110101100101011
100011111100010101000101
100100001111111000010101
100100010101111110001010
100101011001010110110001
100101110111000000001111
100110000000011111011101
100110011100100001111001
100111001100010010101110
100111100111001110010000
100111110000101011000011
101000010011011100101101
101001100001010110011110
101001111000110000101011
101010010001101111110000
101010101100111100011000
101010110100001001101110
101011011111100000100100
101011100010100001011101
101011101010000111100010
101100001111000100111010
101100011010100011001110
101100111010001101010001
101101000010111010111000
101101000110011101000110
101101110101110001010000
101110001001110101000011
101110111001011010000100
101111000001001000110111
110000001000110111111010
110000110011001111000110
110000111101010000111100
110001101111110100000010
110001110011101000110001
110010001011000101110101
110010100001111000001111
110011000100111001110100
110011110000011110101000
110100011000011001100111
110100100110101001011010
110101010010110101001001
110101101010010011010100
110110001011101010100010
110110011110001100001100
110111010001100010011100
110111010101000101100010
110111101000000100011011
111000010100100100110111
111001001000101111000101
111010010111010011001000
111011011100001010010010
111100101001000011101001
111110100110010000100101
