000001101101011
000001111010110
000011010110011
000100101011101
000100110111010
000110000101111
000110011110100
000111001011010
001001000011111
001001011111000
001011101010001
001011110001010
001100001110011
001100011001110
001110100010110
010000110001111
010010001010111
010010011101010
010100101100110
010101100010011
010101111001000
010111001100001
010111010000110
011000001101101
011000010110110
011001011000011
011010100100011
011010111000100
011101000101010
100000100110111
100000111101100
100001110011001
100010001111001
100010010011110
100101101110000
100111000010101
100111010101000
101000011010101
101010100001101
101010110110000
101100000111100
101101001001001
101101010010010
110001101000101
110001110100010
110010010100101
110011000001011
110011011010000
110100100101001
110100110010100
110110001001100
111001000110001
111001010001100
111100000000111
111100011100000
111111100000000
001110101101000
011110010011000
111000101011000
010011100111000
001101110100100
101011001100100
011101001010100
100110111000010
110110000110010
100101100001110
010000111110001
000011011001101
101000010101011
