111111111000000000000000
100010111010010001010000
110001110010000000110001
101010110000000100010011
111010010010000101100000
010010111000000110110000
110010101010000100001001
110010110010000010000110
011010110110000000011000
001010111010000000100101
010010010010010100010101
110010011000010000100011
111010100100000010100001
011100110010000110000001
011010011100001100000001
110011010000100110000001
010010010010001010101001
011110010000100000110001
010010001110000001110001
000010011010000111000011
100010010000000011110101
110100011000000101010001
011010011000000001010110
010111010010000011010000
011001011000000011100001
110010011100000011001000
011010000000000111011001
011010101010001011000000
111000110000100011010000
110010000001001100110001
110111000000000001101001
010111100100000100010001
010010100000000000111111
110010000100000101000111
010001111000000100000111
010001010110000101001001
010100111100000000101001
010100010010000001100111
001010010100000001101011
000111110000000010100011
001111010000000101000101
000010110100000110001101
010110000010101101000001
111001100000001101000001
010010100000011110000011
010011101000101000100001
011010000000011001100101
010100100000001011110001
100010100010001001100011
000010101000001101010101
010010100100001101101000
000010110100011000110001
010000110000101100011001
100010010000011101001001
110000010100101001100001
011000100010100001101001
001010100110010101000001
000010101000010011101001
010000101100100111000001
000001110000010111010001
100000110010100101000101
010000110000110010100101
011000010000110101000011
000000111000100001110011
101100110000010001100001
000110111000110100000001
000011010010110001100001
000010110000010101100110
010101110000100101100000
000011100000100101001011
010001100100010001100011
000110100100100001100101
000100110100001101000011
010100100000010101001101
000001110000001001101101
010000011011100100100001
001010010001010110100001
010110110100101010000000
010011110000110000010010
010010111000011000001100
110110010000110001000100
010010010110011001000010
011011010000101001001000
010010100100010011010100
010110101000100001011000
010001111100001001010000
000010110000001011011010
000011111000100011000100
010100111000010011000010
001110110010100001000010
110011100110100001000000
101010110100001001000100
011001110010010001000100
111010100000010001001010
110100110010001001001000
010000110100100001001110
010111100000001001000110
000111110100010001001000
010001010010010110100010
110010000000010110101100
100000011000110111100000
011000010100100110101000
000010011110010100101000
000110010010100110100100
011100011000010100100100
100111010000010100110000
110110001100100100100000
110001011000001100101000
001011011000100100100010
100010010100001110100010
110000010000100100110110
011111000000001110100000
101001110000000110100100
001010010000001100111100
010100010110001100110000
011010000100010100110010
010010001010001100100110
010011000010100100111000
110000100010101110100000
101010101000011100100000
001000110010110100110000
000010000010011111110000
000100110000011110101000
000011100100110110100000
010001100000011100110100
001001010100011101100000
000000111100101100100100
100011000000101101100100
011000001000101101110000
000110100000101100110010
000000010010101101101010
010000101000110100101010
001110000000110101101000
110100000000011101100010
010000000110110101100100
001010100010000110101010
011001101110000100100000
100010100110000100110100
111100100000000100111000
100100111010000100100010
010100100100000110100110
001100100010001101100100
001100010000000111110010
101000100100100101100010
001010001100000111100100
010100001010000111101000
110001000100000111110000
011001000000000101101110
000000100000100111111100
000001011010000101110100
100100010100000101101100
100010001000000101111010
100001100010010101101000
000100101100010101110000
000001110100000100111010
000111101000000100101100
000001101000001111100010
000111000110000101100010
000010101101000100100011
000100110001000100110101
010001100001000110101001
000010000011000101101101
100001010001000101100011
011100000101000101100001
000000100001111101100001
100001010100001100010101
000111000010001000110101
110100000100010000110101
000000010110100000111101
100100010000001000111011
001100010100001010100101
101000100000101000110101
110001000000001010100111
011100000000001100010111
010000000010111000110011
001100100110000000110011
100011000100100000110011
011000001100100000100111
000001011110001000100011
100001001000011001110001
001100001000000001111101
000001000010000011111011
000000001010101011100101
001000000100110011110001
100100001100000011100011
000100000110000111010101
100100100010000010101101
100000000000101111010011
100110000000111010100001
001001100010011010100001
001011000000100010101101
100001010100010010101001
011100000000010010101011
001000011000111000101001
101001101000000000101011
010001001010010000101101
100000101110110000100001
000110001010100000101011
001111001100010000100001
000001101100000010110101
001001010000010000110111
101001000110000001100101
011001000100001000111001
001010001000001010110011
001101000000101001100011
000010000110010010100111
101000010010100010100011
010101000110100010100001
000000100100101010101011
100000000000110001101111
000100101000011000100111
100101011000100000100101
100010001100001000101101
111100001010001000100001
110000001000100010111001
000100011010010010110001
000100000110011001101001
101010000010010000111001
000101100000110000111001
001001001100000101010011
100111001000001100000011
100001001000000111001101
101100101100000100000101
100001100110000110000011
001100001000011111000001
011001000100010110000101
001001010000001110001011
001110000100100110000011
000011001110100100000101
001011000000111100010001
001000101010101100000011
001001100010000100011101
101000100000110110001001
000111000010010110001001
100110000000100100011101
100100100010011100010001
001100010100010100011001
110001000000010100011011
000000010110111110000001
100000011100100100001011
000100011010001100001101
000000001010110101011001
110000001000111100000101
010100001110010100000011
010000000010100110001111
100101000100110101000001
000101010010100100010011
000001000010011101000111
101100000010000101001011
100100010000010110000111
101001011010010100000001
000000100100110100010111
111000000110100100010001
011101001000100100001001
001000011000100110010101
001000000100101101001101
001010001000010100001111
000101100000101110000101
101010000010001110000101
100010001100010110010001
000010000110001100011011
000001101100011100001001
110100000100001110001001
010001001010001110010001
000100101000000110011011
001101000100100100110100
100000000100111100111000
100001001100010100100110
101001000010001100110010
101100000110010110100000
000101001010111100100000
000001000110001110101100
100100001000001110110100
001001001000010110111000
001100001100001100101010
001000000000111110100110
000100000010010100111110
101000001010100100101100
100101000000100110101010
000000001110100110110010
100000000101100110100101
001000000001100100111011
000001000111010100110001
000100000011001110100011
001001001001001100100101
100100001001010100101001
011000001000110011001100
011111000000010000011100
011110001000111000000010
001110011100100000001100
001110000000101011010100
011000010100111000010100
010011000010111010000100
010110000110100000010110
010100001010011001010100
000110010010111000011000
000110001110110011000000
010100010110010010001100
111100100000011010000100
110000100010110000011100
100110101010101000000100
101110100100110000010000
011000100110110010000010
001011101010110000001000
011100101010000000001110
001111100110000010000100
001100111110011000000000
001000101110100001010100
001100100010010011011000
001000110010101010001100
010101101100110000000100
000110100000110010001110
011101100010101000010000
111110000010100010001000
001010100010011000010110
111010001110010000000100
110100101110000010010000
010010001010010010011010
100010100110011010001000
010100100100011000011010
010111001110001000001000
000111101000011010010000
011010000100001010001110
011011001100100010010000
111000101100101000001000
000011100100101000011100
010000101000101010010110
101010101000000010011100
010000000110101011011000
000100101100001011001100
001010001100011001011000
011100011000001010011000
000010011110001010010100
000000111100110010011000
100110011000100010010010
110001011000010010010100
001001111010000010010010
111001100100000000010110
100111100010000000011010
110111000100010010000010
110011001000100000001110
101011100000101010000010
110001101010011000000010
011001000000011011010010
100010001000011011000110
100001100010001011010100
110100000000000011011110
000001101000010001011110
101100101000001001010010
100111001100000001010100
101010000110000011010010
001111001000000011001010
101001101100010011000000
111001001010000001011000
010001001110000011000110
000011001010101001010010
110000001100110001010010
100011000000110011011000
110101001000101011000000
000101100100100011010010
100000101010100011001010
000101001010100010011100
001100001100010010010110
101000001010111010010000
100100100110010001000110
101100011010000011000100
000000010010110011010110
111000000010101001000110
001011000100110001000110
101111000010011001000000
101101100000100001001100
010101000010110001001010
001101011000110001010000
000111011010010000000110
100101110010110010000000
011101010000100010000110
111100010010010000010010
101011010010100000010100
101000111000110000000110
101101001110100000000010
100101000000111000010110
101001000010010010001110
000001011010011011001000
000100011110000001011010
100000011000101001011100
001001010100000011011100
001000011100101011000010
100100010100011011010000
101000010110110001001000
001100010000011001001110
000101010110101001000100
001101000100111010001000
100110000100101001001010
001001100110001001001010
000000001110111000001110
110001000100011001001100
101100000110001000011100
110101010100100000011000
000011010110100010001010
000101111000101000001010
100011011100111000000000
100001111110000000001100
011001011100010000001010
101001110000011000011000
101010011010001000001010
100010010100010000011110
101100110100000010001010
100000110110101000010010
001111010100001000010010
100001001100001010011010
110100011100001000000110
000001110100011010000110
010001010010001000011110
100111010000001010001100
111001010110001010000000
110000010000111010001010
010010010001100010011100
010101000101001010010100
010101011001000001001100
010100100011100011000100
000110010101000011000110
010100001101100010001010
110110100101000000001100
000100000101110001011100
010010001101101001000100
010110000001011011001000
000011001101010010001100
010110011101010000010000
000100011001111010000100
010001010101110011000000
011000111101000010000100
100000110001010011001100
010000101111010001001000
000010110111110000000100
110000010111000001010100
100100111101100001000000
001110101001010001000100
000110111011000010001000
011100110001110000001000
001010100101100011001000
110010101001110010000000
111100001001100000010100
011110010011001000000100
100110000011010010010100
110100000111111000000000
001100010111100010010000
101101010101010000000100
011001000111100000001100
001000000111011011000100
011101001011010010000000
111000000101010010011000
100101000111000011001000
101110001101001010000000
111011000001000011000100
110000001011001010001100
100001001011110001000100
001000011011010000011100
110011010011010000001000
111000011001011001000000
011010000011110001010000
101010000001111000001100
001011011111000001000000
001100001011101001001000
001110000111010000001010
100010001111100000011000
101110010001000001011000
110110001011000001000010
100010010011101011000000
101000001101000001001110
001010001011100010000110
101100000001110011000010
011000010011000011001010
100100010011100000001110
101001011001100010001000
100000011111010010000010
111010010101100000000010
000010011001110001001010
000110001001001000011110
000110100111001001010000
001101000011000001010110
010011000101000001011010
010100010001101001010010
011000001111001000010010
011000100001001001011100
011110100001000010010010
001101101101000000011000
001011000011001010011000
000000100111000010011110
010011101011000000010100
001100100101101000000110
111101000001001000001010
010101110111000000000010
010010100011101000001010
000101100011011000001100
100011000111001000000110
011011100101011000000000
001011110001000000001110
001101110001001011000000
010011011001001010000010
000101001101011001000010
000000111011001001000110
011001101001100001000010
110000100101001011000010
000001000001101011001110
100011101001001001001000
001000101001011010001010
100101101001000010000110
000001101111101010000000
000011100011010011000010
001001010011111000000010
100110110001011000000010
110001110001101000000100
100001100101110000001010
000001110011100001011000
100010100001100001010110
000011010001011001010100
000001011101100000010110
001010111001101000010000
101001000101101001010000
001000110101010001010010
000010000101111010010010
101000010001001010010110
100011110101000010010000
001001100001110010010100
101011001001010000010010
100000101101011000010100
110001000011100010010010
110101100001010001010000
000100101011110000010010
110000111001000000011010
100000000011011001011010
010000110011011010010000
100101011011001000010000
010001001001111000011000
100100100001101010011000
000101010001010010011010
001110100001001000101001
001000100101010100101100
101011000101000100001001
111000010001000000101101
101000000001001111101000
100000100001001100001111
100010110001100100101000
100000100101000001111001
001000111001000101001001
100011100001010000100101
100001000011101000101001
100101100101001100100000
100000111001001010100001
101000000101011000100011
001001110101100000100001
101100010001101100000001
101010001001100001100001
110100100001100000100011
101101000001000010110001
100110010111000000100001
100110100001000111000001
101110000001000100100110
001000100001000011100111
101000011101000100110000
110000110101010100000001
011000110001001100100010
001000100101001110010001
100001101001100100010001
011010100001100100000101
001100101001100110100000
111001000001110100100000
110000101001000101100100
001011100001000101110000
100000100001010110110010
001101100001010100000011
111000001001000110000011
011000101001010000110001
101000000001010101010101
010000100111001000100101
001000001111000010101001
000000110011010000101011
110000000011010011100001
001100000011110000100101
100000001011000000110111
001000010011001001110001
000010100011100010110001
011011000011000000100011
000101101011000001100001
011000000011011100001001
100010000011110100000011
001000001011010101100010
001000010111000100000111
110000000111000100101010
100000010011011100100100
001010000111101100100000
100000001111001101000001
000000110111000111100000
100000010011000110011001
100011001011000110100000
011000000011000110110100
000000101011001100111000
000000101011010110000101
001101010011000100101000
000001100011100100100110
010110100011010100100000
100100000011100101110000
000100100111100100001001
001110001011000100010001
110101000011000100000101
010000100011000101010011
000011110011001100000001
001001000011100111000001
000011000001011100101010
000001010001110100001101
000110000101011100000101
000101000101000000101111
010110010001000100001011
010001000101101100000011
010101010001011000100001
010100000001101100101100
010011010101000100100100
000100010101110100100010
000010010001101000100111
010010000101110000101001
000110000001010001110011
000101000001010111100100
000000000001011010111101
000011000101001011100001
010001000001100001110101
000101000001001101011001
000000000101001101110110
000011000001000110010111
000110000101000110111000
000001010001101110110000
000100001101101000110001
000011011001000000111001
000010001001110100110100
010101001001000100110010
010100000001110110010001
010000010101000010110011
000010010101100101010001
010000010001010101111000
000000011001011100010011
010000001101000100011101
010000001101011110100000
010110001001000010100101
000000011101010001100101
000001001001110010100011
000101011101000110000001
010011001001010101000001
000001001101100101101000
000000000101010111001011
000000011001000110101110
000100001001100101000111
010000010001001111000101
000100010001100011101001
010010000001100111100010
000010001001101110001001
010000001001001001101011
000110011001001101100000
