$EXEC orbit
(0,1,4,2,9,5,11,3,8,10,7,6,12)(13)(14,15,18,16,23,19,25,17,22,24,21,20,26)(27)
(0,2,4,6,8,10)(1,3,5,7,9,11)(12)(13)(14,16,18,20,22,24)(15,17,19,21,23,25)(26)(27)
(0,6)(1,5)(2,4)(3)(7,11)(8,10)(9)(12,13)(14,20)(15,19)(16,18)(17)(21,25)(22,24)(23)(26,27)
..
0000000000000100000100101110
0000000000000000000011011011
0000000000000100000001110110
0000000000001100000010011010
0000000000001100000010100110
0000000000001100000000110011
0000000000001100001100000011
0000000000001100001100110000
0000000000011100000000011100
0000000000101100011100000000
0000000000101100000000110100
0000000000011100000100101000
0000000000011100000111000000
0000000000101100000100010010
0000000000011100100010001000
0000000000011100000010110000
0000000000101100001001100000
0000000000101110010000100000
0000000010101100000000100001
0000000010101100000000001010
0000000000111100001000001000
0000000000111100000001000001
0000000010101101000010000000
0000000010111100000100000000
0000000011011100000001000000
0000001101101100000000000000
..
