001101000011110010011001
001101000101011001101100
001101000110101100110010
001101011000101100001101
001101011110000011001010
001101101000110010100110
001101101011000101100001
001101110000011001010011
001101110101000110010100
001110001010011000101011
001110001101100110101000
001110010011001101011000
001110010100110000011110
001110011001010011000101
001110100001101000110101
001110100110010011110000
001110101100001101000110
001110110010100110000011
010010000000000111111111
010010111111111000000000
010011000011101100101001
010011000101110010110100
010011000110011001011010
010011011000110010001011
010011011101000101001100
010011101000011001100101
010011101110000110100010
010011110000101100010110
010011110011000011010001
010100001110110101000101
010100010101101011000011
010100011011100000110110
010100011100011110110000
010100100011011110000110
010100101010101011011000
010100101101010000011011
010100110001110101101000
010100110110001000101101
011000001001111101010010
011000001111001010010101
011000010010111011100100
011000010111010100100011
011000100100111110001001
011000100111100001001110
011000111001001010101010
011000111010010100011100
011000111100100001110001
100001001100111011010001
100001001111010100010110
100001010001111110100010
100001010111100001100101
100001100010111101001100
100001100111001010001011
100001111001100001011010
100001111010001010110100
100001111100010100101001
100010000011101011010110
100010000101110101001011
100010000110011110100101
100010011000110101110100
100010011101000010110011
100010101000011110011010
100010101110000001011101
100010110000101011101001
100010110011000100101110
100011001011010011101000
100011001100101000101110
100011010001011000011101
100011010110100110011000
100011011010001101000011
100011100010110000110011
100011100101001101110000
100011101001100110000101
100011110100010011000110
110100000011011001110001
110100000101101100011100
110100000110110010101010
110100011000011001001110
110100011011000110001001
110100101000101100100011
110100101101000011100100
110100110000110010010101
110100110110000101010010
111000001001110000101101
111000001110001101101000
111000010010101000011011
111000010101010011011000
111000011100100110000110
111000100011100110110000
111000100100011000110110
111000101010010011000011
111000110001001101000101
111111000100010100010001
111111010000100001100010
111111100010000010001100
