$EXEC orbit
(0,4,8,12,17,20)(1,5,9,13,16,21)(2,6,10,15,18,22)(3,7,11,14,19,23)
(0,22)(1,23)(2,4)(3,5)(6,7)(8,9)(14,15)(16,17)
..
0001111001101010101001011000
0001111110100000011011000110
0001111110100011100100000110
0001111110111000100100100001
0010111100100110101100010100
0010111110100000101101001001
0010111110100011010010001001
0010111110111000010010010010
0100111110100001000111100010
0100111110100010111000100010
0100111110111010001000000101
0111111000111000010010000101
0111111110100010000001010001
1000111110100001110001010001
1000111110100010001110010001
1000111110111001000001001010
1011111000111000100100001010
1011111110100001001000100010
1101111000111001000001100001
1101111110100000100010001001
1110111000111010001000010010
1110111110100000010100000110
1110111100110010100000100100
1110111001100110010000010100
1110111000100010111000001001
1101111010110010100101000000
1101111000100001110001000110
1101111100000010011001010100
1011111000100011100100010001
1011111001000010101010010100
1000111100101010011010100100
1000111100101010010101011000
0111111000100011010010100010
0111101010101000001010011001
0001111000111010000111010010
0010111000111001001110100001
0010111001110010011100100100
0100111000111000101011001010
1000111000111000011101000101
0001111111000011001100011000
0001111100110010011100000011
0010111010101010011111000000
0010111111100100001001100100
0010111001100111000000011011
0010111100101010100110000011
0100110000100110101001101011
0100111001101010011010000011
0100111100000011001001100111
0100111010100111000101011000
0100111010100111001010100100
0100111111101011000000101000
0100111111110010010110000000
1000111001101000001001101011
1000111100100100001100100111
1000111111101010100011000000
1000111111110000001010101000
0100101001100110011001011001
0100111100110011001100110000
0111111100000011110101000000
0111111100110000000000101011
0111111111000010100000001100
1011111010111100000000100100
1011111010000011110000100100
1011111010000000001111100100
1101110000101010010000100111
1101111001000000001010011011
1101111010100100001001000011
1101111010000010100000010111
0001101010101010101010010110
0001101010101010100101101010
