100010000100100100001100011010
100101000000010010000110001101
001000110001000010010010011010
001000011010100000001001001101
010001001000011000100001011010
100001010001000101000001100011
010000100100001101010000001101
001100000100101000100010100011
010010001010000010010100100011
100100001001001000011000110100
001001100010000100100100110100
010010010000110001000010110100
000000101100010110001011100000
000100010110001011000101010000
000110001011000101100010001000
000011000101100010110001000100
000101100010110001011000000010
000010110001011000101100000001
111111111100000000000000000000
111000000011111110000000000000
111000000000000001111111000000
