000110110110110111100000000
110000101110101110011000000
110110011000011001111000000
101101000011000000000111111
110101000101110110000110000
110011110011000001100110000
101000101000011000011001111
000101101011011000011110000
011110110000000001100001111
011000000110110110000001111
101101110000101110000001100
101011000110011001100001100
110000011101000000011110011
011101011110000000011001100
000110000101011001100110011
000000110011101110000110011
011000110101011000000111100
000011101110000001111000011
000101011000110110011000011
110011000000101111100000011
110101110110011000000000011
101110101101000110000000011
101000011011110001100000011
110011000000101000011111100
011110000011101000011000011
000101011000110001100111100
000011101110000110000111100
011011101000110000000110011
000000110011101001111001100
000110000101011110011001100
110000011101000111100001100
110110101011110000000001100
000011011101101000000001111
011000000110110001111110000
011110110000000110011110000
101000101000011111100110000
101110011110101000000110000
101101000011000111111000000
101011110101110000011000000
011101101101101001100000000
011011011011011110000000000
000000000000000111111111111
101011011000000100110101010
110000000011011101001010101
011101000000011101001101010
000110011011000100110010101
000000101101110011010010101
011000101011000101010011010
000011110000011100101100101
000101000110101011001100101
101000000101101011001011010
110101101000000101010100101
000000011110011101010100110
011011000101000100101011001
000110101000101010110100110
110000110000110011001100110
110110000110000100101100110
101110000000110010101101001
101000110110000101001101001
000101110101000101001010110
011000011000101011010101001
000011000011110010101010110
000011000011110101010101001
011000011000101100101010110
000101110101000010110101001
101000110110000010110010110
101110000000110101010010110
110110000110000011010011001
110000110000110100110011001
000110101000101101001011001
011011000101000011010100110
000000011110011010101011001
110101101000000010101011010
101000000101101100110100101
000101000110101100110011010
000011110000011011010011010
011000101011000010101100101
000000101101110100101101010
000110011011000011001101010
011101000000011010110010101
110000000011011010110101010
101011011000000011001010101
