11111111110000000000000
10001110110001000100110
11000111010111000000010
01011011010001000000111
11010110010000110000110
11110010011001000100010
11100001110001010000110
01101110010001010001010
11101010010010001000110
01100111010000000110110
01110110100011000000110
11001110011000000010011
11000111100000001000111
11010100110001000001011
11101010100101000000011
00100111111001000000011
01101100110000100000111
11100011010000100001011
01110110010100001000011
10110010110000000010111
00000000101110111111000
10010110001101000000111
10000101010001100010111
10100011000011000100111
00110100010001010100111
01100101000101000001111
11001100000011010000111
11110000000001101000111
00101110000001001010111
10101000011001000001111
10111001010000100100110
10011101011001010000010
01111101000000011000110
10011111000010000010110
11011101000100100000011
00111111000101000100010
11111001000011000001010
10111011001000001000011
00111101010000000011011
10000111110000010011010
01110100111000010010010
10101010111000110000010
11001100110100011000010
11110010100000011001010
01100111100100110000010
10010110111010001000010
11010110100100000110010
00110110110000100101010
11110000110110100000010
11001110100010100001010
11000101111000100100010
01101110101000001100010
01100101110010001001010
10100011110100001100010
11101000110000000111010
11100011101010000010010
00101110110110000010010
01011011100110001000010
00011011111000000110010
01011001110000110001010
00111101101010100000010
10111001100100010010010
10011101100000001101010
01000000000111111001101
00000000011001110111101
00000010001111001110101
10001100010000110101011
11101000000100110001110
00100101011000110001110
01110100000010110001011
11000101000001111001010
10110000010001110011010
00101100100000111011010
10100001100010110101010
10010100101100110001010
10010100011000000111110
11010100000110001001110
11100001000110011000011
01101100000111101000010
00101100011001100110010
10100001011000010110011
10101010001100000110110
00100101101100000111010
10001100101010010110010
10101000101110001001010
10110000101000101110010
00110110001010000110011
00110100100110011100010
10110010000111001010010
00100111001110001000110
10000101100110101010010
10000111001001001110010
10001110000110001100011
11001100000000101110110
10010100010101101100010
00101100010100001101110
10000101010010011100110
10001100011110100000110
10001100010011001011010
00110100010010101010110
10101000010100101010011
00100101010101011010010
00100101010110100100011
10100001011011101000010
10100001010110000011110
10101000010111010100010
00110100011111000001010
10110000010010001101011
10010100010110010010011
10110000011100011000110
00101100011010011000011
10000101011100001001011
10001100101001101000011
10010100100001011010110
11010100001011100010010
11101000001001011010010
10101000100011100010110
10001110000101110010010
10101000100000011100111
11110000000010010110110
10010100100010100100111
11010100001000011100011
11101000001010100100011
10110000101011010000011
10010110000000101011011
00110110001001111000010
10100011000000111010110
10000111001010110000011
10110010000100110100011
10001110001000011001110
10101010000010010011011
10101010000001101101010
00101110000010110100110
10110010001010100001110
10010110000011010101010
00101110001100100001011
10100011001101010001010
10000111000100100101110
00100111000000011101011
00110110000100010011110
00100111000011100011010
10100001100001001011011
00101100100011000101011
00110100101000001001111
10001100100100000011111
10000101101011000001110
00100101100010010010111
10100001101100100000111
00101100101101010000110
00110100100101100010011
10000101100101010100011
10110000100101000101110
00100101100001101100110
11100001000101100110010
11000101001100010010110
11110000001100000011011
11100001001000001101110
01100101001000101010011
01110100001100100100110
01100101001011010100010
11001100001101000101010
01101100000100010110011
01101100001010000011110
11000101000010000111011
01110100000001001111010
10100000010011011010101
10000100101110011000101
00100110001011010001101
00100100100111001011100
00100100101001011110001
00100110000110111010001
00100100011101101000101
00100100011110010110100
00100100010011111101000
01100100000011100110101
00100100100100110101101
01100100001110001101001
01100100001101110011000
00100110001000101111100
00100110110010001100101
01100100110111010000001
00100110110001110010100
01100110101100000010101
01100110011011001010000
00100110111100011001000
01100110010110100001100
01100100111001000101100
01100110011000110100001
01100110100010010111000
01100100110100101110000
01100110100001101001001
11100000001101010100101
10100000011110110001001
10100000101001111001100
11100000001110101010100
10100000101010000111101
10100010000110011101100
10100000100111101100001
10100000011101001111000
11100000000000111111001
10100010000101100011101
10100010001011110110000
11100010100010110000101
11100000110100001001101
11100000111010011100000
10100010111111000000100
11100010010110000110001
11100000111001100010001
10100010110010101011000
11100010011000010011100
11100010101100100101000
11100010010101111000000
10100010110001010101001
11100010100001001110100
10000100101101100110100
10000100011010101110001
10000110001111101001000
10000100010111000101101
10000100100011110011001
10000100010100111011100
10000110000001111100101
11000100000111011110000
11000100001010110101100
11000100001001001011101
10000110001100010111001
11000100110011101000100
11000110100101010001100
10000110111000100001101
11000110010010011001001
11000110011100001100100
11000100111110000011000
11000110101000111010000
10000110110101001010001
11000110101011000100001
11000110010001100111000
10000110110110110100000
11000100110000010110101
00011001010111100010010
01011001000100000111110
00011011000010100101011
00011011001100110000110
00011001010100011100011
00011001101101000001011
00011011000001011011010
01011001001010010010011
00011001011010001001110
00011001100000101010111
01011001001001101100010
00011001100011010100110
00010010000011110010111
00001000100111011010011
00001010000101010101111
01001000001101100010111
00001010000110101011110
00001010001000111110011
00001000010011101100111
00001000101010110001111
01001000000011110111010
01001000001110011100110
00001000101001001111110
00001000011101111001010
00001000011110000111011
01001010100010000110111
01001010010110110000011
01001010100001111000110
00001010110001100011011
01001010011000100101110
00001010110010011101010
00001010111100001000111
01001000111010101010010
01001010010101001110010
01001010101100010011010
01001000111001010100011
01001000110111000001110
00010010001110011001011
00000011000111111100010
00010000100001111101011
00010000101111101000110
00000011001001101001111
00010010001101100111010
00000001101011100110011
01010000000110101110011
01010000001011000101111
00010000011011011110010
00010000101100010110111
00010000010101001011111
00010000010110110101110
01010000001000111011110
01000001000001011110111
00000001100110001101111
00000001011111010000111
00000011001010010111110
01000001001100110101011
00000001100101110011110
00000001011100101110110
01000001001111001011010
00000001010010111011011
01010000110010011000111
00010010110100111010010
01010010100100100001111
01010010011110000010110
01010010101001001010011
00010010111001010001110
01010010010011101001010
01010010101010110100010
01010000111100001101010
00010010110111000100011
01010010010000010111011
01010000110001100110110
01000011010100011001110
01000001111000000011111
01000001110110010110010
01000011100000101111010
00000011111110100001010
00000011110000110100111
01000011011001110010010
00000011110011001010110
01000001110101101000011
01000011101101000100110
01000011011010001100011
01000011100011010001011
00000010110110010011101
01000010101011100011100
01000010101000011101101
01000000111110100100101
00000010111011111000001
01000010100101110110001
01000000110011001111001
01000010011111010101000
01000010011100101011001
01000010010010111110100
01000000111101011010100
00000010110101101101100
10111101000010010100001
10111101000001101010000
10111101001100000001100
10100101000111110000100
10110110010011100000001
10101100001111000010001
10100111100110000001001
10101100110101100001000
10100101001001100101001
10100111011100100010000
10100101110011000110000
10110100000110100111000
10110100111100000100001
10101110011010000101000
10101110100000100110001
10110110101001000011000
10101110010100010000101
10110100001000110010101
10110100000101011001001
10100101110000111000001
10110100110010010001100
10101100000010101001101
10110110100100101000100
10100101000100001110101
10100111010001001001100
10101100001100111100000
10110110010000011110000
10101100111000001010100
10100111101000010100100
10110100001011001100100
10101100000001010111100
10101110100011011000000
10100101001010011011000
11100101100000100011100
11101100101000010001001
11101100010010110010000
11100111000001010010001
11100101010100010101000
11101110000100001011000
11110100010101000010100
11110110000000000101101
11110100100010001010001
11100101011010000000101
11101100010001001100001
11101100100110000100100
11110100011000101001000
11110100100001110100000
11100111000010101100000
11100101101101001000000
11110110001110010000000
11101110001001100000100
10000011101100001011100
01100001101110010001100
01001100101100101001100
11000001011101100001100
00110000111100100011100
00000101001110100011101
00000101111001101011000
01100011111000101000100
01100011110101000011000
01110010001101001001100
01000111000101101010100
00001110011101000011100
00100011011100000101101
00000101001101011101100
01010100011100010001101
00101000001100011011101
11001010001110000001101
10010000001100101101101
10010000001111010011100
10001000111100010101100
00010110101110000101100
00101000001111100101100
00101010101101101010000
01101000010001101011100
00100011010001101110001
01100001100011111010000
10010010011001101010100
11010000100101101011000
10010010011010010100101
11010000100110010101001
00001100000101101111001
00001100001011111010100
00110000000101111110100
00110000001011101011001
10000001001101111010001
10000001000011101111100
00010110100011101110000
11001010000011101010001
10001000110001111110000
01010100010001111010001
10001000000110110110101
00010100001111110100001
00010100000010011111101
10001000001011011101001
00100001000111010111001
00100001001010111100101
01010110110000001011100
01010110111101100000000
11001010110100100010100
11001010111001001001000
00000101111010010101001
10000011100010011110001
00101010101110010100001
00110000110010110110001
01110010000011011100001
01001100100010111100001
01101000010010010101101
11000001010011110100001
01000111000110010100101
00001110010011010110001
01101010110000011010001
01110010111010000001001
11000011111100010000001
11010010110000101100001
01000111110010100010001
01001110110100000101001
01001110111010010000100
01101010110011100100000
11010010110011010010000
01000111110001011100000
11000011110010000101100
01110010110100010100100
00100011101011001101000
10001010101010101100100
10010000111011100101000
10001010100111000111000
10010010101101011100000
01100001010100110010101
11001000101111110000000
10010010101110100010001
11010010000111100100100
10001010011101100100001
00100011100110100110100
01100011001111100000001
00100001111101110100000
00100001110000011111100
01100001011001011001001
01100011000010001011101
00000111011011100100100
00000111101111010010000
10000011010101010110100
10000001111010110010100
11000011001011011000100
10000011011011000011001
01000101010011010011100
00000111011000011010101
11000001101010101001001
11000001100100111100100
10000001110100100111001
00000111101100101100001
11000011000101001101001
01000101100111100101000
01000101010000101101101
01000101100100011011001
10000011011000111101000
10000001110111011001000
11000001101001010111000
11000011000110110011000
10000001111001001100101
11000011001000100110101
10000011010110101000101
11000001100111000010101
11010000010010100011101
11010000010001011101100
11010010000100011010101
11001000010101010011001
11001000100010011011100
10010000111000011011001
11001000011000111000101
10001010010000001111101
01101000100101011101000
01101000100110100011001
01101010000100101100101
00101000111000101101001
00101010011010100010101
00101000111011010011000
01101010000111010010100
00101010011001011100100
01010100100110110010100
01010100101011011001000
00010100111000111100100
00010100110101010111000
01010110001010101000101
01010110000111000011001
00010110011001001101001
00010110010100100110101
00110010101010011010100
00110010100100001111001
00110010010011000111100
01110000100010101101100
00110010011101010010001
01110000011011110000100
01110000101100111000001
01110000010101100101001
01110000100001010011101
01110000011000001110101
00110010010000111001101
00110010101001100100101
01110000010110011011000
01110000101111000110000
00110010100111110001000
00110010011110101100000
01100001011010100111000
00100001110011100001101
00100001111110001010001
01100001010111001100100
01100011000001110101100
01100011001100011110000
00100011100101011000101
00100011101000110011001
11010000011100110110000
10010000110101110000101
11010000011111001000001
10010000110110001110100
10010010100000110111100
11010010001001110001001
10010010100011001001101
11010010001010001111000
01000101101010001110100
11001000011011000110100
00010100111011000010101
01101000101011001000101
10001010101001010010101
01010110001001010110100
01101000101000110110100
01000101101001110000101
01010100101000100111001
00000111100001000111101
11001000100001100101101
01010100100101001100101
01000101011101000110001
00101000110101000110101
01101010001001000111001
11001000101100001110001
11001000010110101101000
10001010100100111001001
00101000110110111000100
00101010010111001001001
00010100110110101001001
10001010011110011010000
01101010001010111001000
10001010010011110001100
00101010010100110111000
01000101011110111000000
00010110010111011000100
00000111100010111001100
00000111010110001111000
00010110011010110011000
01010110000100111101000
00000111010101110001001
01001100011011100001001
00001100110010100111100
01001100010101110100100
01001110000011001101100
00001110100100011110100
00001100111100110010001
00001110101010001011001
01001110001101011000001
01001110000000110011101
00001110101001110101000
00001110100111100000101
00001100110001011001101
01001100010110001010101
00001100111111001100000
01001100011000011111000
01001110001110100110000
01011101010101001001000
01011111000011110000000
01111001010010101000001
00011111011110000000001
00111011011001100001000
00011101001000111001001
00011101110001100100001
01011101011000100010100
10011011010000110010001
01011111000000001110001
11011001011000000101001
00011111010000010101100
10011011010011001100000
01111001010001010110000
00011101001011000111000
00011101110010011010000
00011111101001001000100
00011111100100100011000
00011101000101010010101
00011101000110101100100
01011101101100010100000
01011101100010000001101
11011011001101000010000
10011001001011100000101
01111011001010000100100
11011001010110010000100
11011011000000101001100
11011001100010100110000
10011001001000011110100
10011001000101110101000
10011001110001000011100
10011011101010010001000
10011001111100101000000
11011001100001011000001
10011001000110001011001
10011011100100000100101
00111001000010110011100
00111001001100100110001
00111011100000111100000
00111001110110000101000
00111001000001001101101
00111011010100001010100
01111001100101100000100
00111011100011000010001
01111011000100010001001
00111001111000010000101
00111001001111011000000
01111001101000001011000
