000000000111111100
000000010101100111
000000101010110101
000000111000101110
000001001011001110
000001011001010101
000001100110000111
000001110100011100
000010000011010111
000010111100000101
000011100010101100
000100001001101101
000101010111000100
000101101000010110
000110001101000110
000110100000001111
000110110010010100
000111000001110100
001000001110100110
001000110001110100
001001010000001111
001010001010001101
001010011000010110
001010100111000100
001011010100100100
001100000000110111
001100010010101100
001101001100000101
001101100001001100
001110000100011100
010000010101011001
010000101010001011
010001001011110000
010001110100100010
010010000011101001
010010010001110010
010010101110100000
010011011101000000
010011100010010010
010011110000001001
010100001001010011
010100011011001000
010100100100011010
010100110110000001
010101000101100001
010101101000101000
010110100000110001
010111000001001010
011000001110011000
011000011100000011
011000100011010001
011000110001001010
011001000010101010
011001010000110001
011010011000101000
011011000110000001
011100010010010010
011100101101000000
011110000100100010
011111001000010000
100000010011101010
100000101100111000
100001001101000011
100001110010010001
100010000101011010
100010010111000001
100010101000010011
100010111010001000
100011001001101000
100011100100100001
100100001111100000
100100100010101001
100100110000110010
100101000011010010
100101010001001001
100101111100000000
100110011001010000
100110100110000010
101000001000101011
101000011010110000
101000100101100010
101001000100011001
101001010110000010
101001101001010000
101010100001001001
101011000000110010
101100010100100001
101101001010001000
101110000010010001
101110010000001010
110000000001001111
110000010011010100
110000101100000110
110001100000110100
110010000101100100
110100110000001100
111000001000010101
111011000000001100
111100000110000100
101100110011000000
011011100001100000
010110000111010000
100001010101110000
011101010100001000
101010000110101000
100111100000011000
010000110010111000
110101001001000100
000010011011100100
000100101110001100
001001001000111100
010110111000000010
100001101010100010
101100001100010010
010000001101101010
001111000010000110
111000010000100110
000010100100110110
000100010001011110
101011011000000001
011100001010100001
010001101100010001
100000001011011001
110010100010000101
000101110000100101
001000010110010101
000011000101001101
010001010011000011
100110000001100011
100000110100001011
011010000000011011
001000101001000111
001110011110000000
111001001100100000
110100101010010000
000011111000110000
001000101011101000
000101001101011000
010111100100000100
100000110110100100
101101010000010100
011010000010110100
100110000011001100
010001010001101100
110100010101000010
000011000111100010
001110100001010010
000101110010001010
110010100000101010
001000010100111010
100000001001110110
011100001000001110
001001110101000001
110011000001010001
000100010011110001
111000010010001001
001111000000101001
000010100110011001
010000001111000101
100001101000001101
000100101100100011
001001001010010011
000010011001001011
101010000100000111
010000110000010111
111010110100000000
110111010010000000
011001111010000000
101111000101000000
111010001011000000
000111101011000000
110001100111000000
101110101000100000
001101100110100000
001101011001100000
110000111001100000
000110110101100000
011000010111100000
100011001110010000
010101110001010000
001011010011010000
000000111111010000
010100011100110000
111100000001110000
001010001101110000
100010100011110000
110110001100001000
001011101100001000
011110100010001000
101000011101001000
101001110000101000
000001011110101000
110001011000011000
001100111000011000
100100010110011000
010010101001011000
010011000100111000
000110001010111000
011110010001000100
100011110001000100
000001101101100100
101001000011100100
010100100011100100
011001000101010100
100100100101010100
001100001011010100
000111011000001100
010010010110001100
100101000100101100
011000100100101100
110000001010101100
010101000010011100
101000100010011100
100010010000111100
111101100000000010
010101001110000010
100010011100100010
001010110010100010
000111010100010010
011000101000110010
110000000110110010
100100101001001010
001100000111001010
000001100001111010
001100110100000110
100100011010000110
010011001000100110
110110000000010110
000001010010110110
001010000001101110
101000101110000001
010010011010010001
100101001000110001
011001001001001001
110001010100000101
000110000110100101
001011100000010101
000000110011001101
010010100101000011
101000010001010011
100011000010001011
010100010000101011
000000001100011111
