0000000001111111
0000011101000111
0000111000101011
0001010101110001
0001101100100101
0001110000011101
0010001100011101
0010101001110001
0010110101001001
0011000100101011
0011011000010011
0011100001000111
0100010010111100
0100101011101000
0100110111010000
0101000110110010
0101011010001010
0110000011100110
0110100110001010
0111001011010000
0111110010000100
1000001011001110
1000101110100010
1000110010011010
1001000011111000
1001011111000000
1001100110010100
1010000110101100
1010011010010100
1011010010100010
1100000100110101
1100011000001101
1100100001011001
1101001100000011
1110110000000011
1111000001100001
1011001100110000
0110111000011000
0101100001110100
1000010101011100
0111010101000010
1010100001101010
1001111000000110
0100001100101110
1101010010010001
0000100110111001
0001001011100011
0010010010001111
0011100111100000
1110010011001000
1101001010100100
0000111110001100
0010001010111010
0001010011010110
0101111001000001
1000001101101001
1011010100000101
0110100000101101
1001100000110011
0100010100011011
1110101101000000
1101110100100000
0110011110100000
1011110001010000
1110100010110000
0001111010110000
1100011001110000
1011101010001000
0011011001101000
0011010110011000
1100001110011000
0001101101011000
0110000101111000
1000110011100100
0101011100010100
0010110100110100
0000001111110100
0101000111001100
1111000000011100
0010100011011100
1000101000111100
1101100011000010
0010111011000010
0111101000100010
1010000111010010
1010011100001010
0000010111101010
1100010110000110
0011001110000110
1001000101100110
0100101010010110
0100110001001110
0001100010101110
0111100100010001
1000111100010001
0000011011011001
1010010000111001
0101001000111001
0110010001010101
1001001001010101
0011000010110101
0001110110000011
0100100101100011
1001010001001011
0110001001001011
1100000010101011
0101010000100111
1010001000100111
1000100100001111
