0001111111000000000
1110001110100000000
0111001101010000000
1000111100110000000
1010101011001000000
0101011010101000000
1100011001011000000
0011101000111000000
1100010111000100000
0011100110100100000
1010100101010100000
0101010100110100000
0111000011001100000
1000110010101100000
0001110001011100000
1110000000111100000
0111010110000010000
1000100111100010000
1010110000011010000
0101000001111010000
1100001100010110000
0001101010001110000
1010011101000001000
0101101100100001000
1000001010111001000
0001000111010101000
1100100001001101000
0011010000101101000
1100110100000011000
0011000101100011000
1010000110010011000
0111100000001011000
1000010001101011000
0001010010011011000
0001011100000111000
1010001000001111000
1100111010000000100
0011001011100000100
0001011100011000100
0111100000010100100
1000010001110100100
1010000110001100100
1010010011000010100
0101100010100010100
1100100001010010100
0011010000110010100
0001000111001010100
1000000100111010100
1000001010100110100
0001001001010110100
0111011000000001100
1000101001100001100
0001101010010001100
1100001100001001100
1010110000000101100
0101000001100101100
1100000010010101100
0001100100001101100
0001110001000011100
1110000000100011100
0100110101010000010
1011000100110000010
1001010011001000010
0110100010101000010
0000011110100100010
0010001001011100010
0100101110000010010
0010011100010010010
0000001011101010010
1001001000011010010
1001000110000110010
0000000101110110010
0010010010001110010
0100100000011110010
1001100101000001010
0110010100100001010
0000100110110001010
0010110001001001010
1101000000101001010
0100000011011001010
0100001101000101010
0000101000101101010
0100011000001011010
0010100100000111010
1111000010000000110
0000110011100000110
1001110000010000110
0110000001110000110
0100010110001000110
0010100100011000110
0010101010000100110
0100011000010100110
0000101000110010110
0100000011000110110
0010010010010001110
0000000101101001110
1001001000000101110
0010001001000011110
0000010000100111110
0010101110010000001
1111001000001000001
0000111001101000001
1001110100000100001
0110000101100100001
0100010010011100001
0010110101000010001
1101000100100010001
0100000111010010001
1001100001001010001
0110010000101010001
0000100010111010001
0000101100100110001
0100001001001110001
0000001111100001001
1001001100010001001
0100101010001001001
0010011000011001001
0010010110000101001
0100100100010101001
1001000010001101001
0000000001111101001
0000010100110011001
0010000011001011001
1001011001000000101
0110101000100000101
0000011010110000101
0010001101001000101
0100110001000100101
1011000000100100101
0010000011010100101
0000010100101100101
1001000010010010101
0100100100001010101
0010011000000110101
0100001001010001101
0000100010100101101
0100010010000011101
0010100000010011101
0111100100000000011
1000010101100000011
0001010110010000011
1100110000001000011
0011000001101000011
1010000010011000011
1010001100000100011
0001011000001100011
0001001101000010011
1000000000101110011
1100000110000001011
0001100000011001011
1010100001000000111
0101010000100000111
1100001000000010111
0001100000000110111
0001000011000001111
1000000000110001111
0000000110011001101
0000001100001110110
0000010111000011010
0000011101010100001
0000100001010101110
0000101011000010101
0000110000001111001
0000111010011000010
0001000100100101011
0001001110110010000
0001100011101001000
0001111000100100100
0010000000111011010
0010001010101100001
0010010001100001101
0010101101100000010
0011000010000111100
0011001000010000111
0011011001001010000
0011110100010001000
0100000000110110101
0100001010100001110
0100010001101100010
0100110110100000001
0101000010001010011
0101001000011101000
0101010011010000100
0101100101000110000
0110000110010100010
0110001100000011001
0110100001011000001
0110110000000010110
0111000100101000100
1000000011011110000
1000001001001001011
1000010010000100111
1000011000010011100
1000100100010010011
1000101110000101000
1000110101001000100
1001000001100010110
1001010000111000001
1010010100100110000
1010100010110000100
1011000111000000001
1011100000001100010
1100000101110001000
1100101000101010000
1101011100000000010
1101100000000001101
1110001001000100100
1110010010001001000
0000000011110011100
0000001001100100111
0000010010101001011
0000011000111110000
0000101110101000100
0000110101100101000
0001000001001111010
0001001011011000001
0001010000010101101
0001011010000010110
0001100110000011001
0001101100010100010
0010000101010001011
0010001111000110000
0010010100001011100
0010100010011101000
0010101000001010011
0010111001010000100
0011011100100000001
0011100000100001110
0100000101011100100
0100010100000110011
0100011110010001000
0100100010010000111
0100101000000111100
0100110011001010000
0101000111100000010
0101100000101100001
0110001001101001000
0110010010100100100
0110100100110010000
0111000001000010101
0111010000011000010
1000000110110100001
1000001100100011010
1000100001111000010
1000110000100010101
1001000100001000111
1001010101010010000
1001100011000100100
1001111000001001000
1010000000010110110
1010001010000001101
1010010001001100001
1010110110000000010
1011000010101010000
1100000000011011001
1100001010001100010
1100010001000001110
1100101101000000001
1101001000110000100
1111000100000101000
0000000001011010111
0000000010010111011
0000000010111100110
0000000101000111101
0000000110100010111
0000000110101111000
0000000111001100011
0000001000101011101
0000001011001101100
0000001100110101100
0000001100111000011
0000001101011011000
0000001111010000110
0000010011100110001
0000010100011101010
0000010110010110100
0000010111111000000
0000011001110001010
0000011100000001111
0000011101100010100
0000011110001010001
0000100001100011011
0000100001101110100
0000100010001011110
0000100101110000101
0000101000011100101
0000101011110100000
0000110000110100011
0000110000111001100
0000110011010001001
0000110100101010010
0000111001000110010
0000111010100011000
0001000100010011110
0001000100011110001
0001001101101100000
0001001110000100101
0001001110001001010
0001010101000100110
0001010101001001001
0001010110100001100
0001100000110111000
0001100011010010010
0001101001000101001
0001101001001000110
0001101010100000011
0001110010000101010
0001110010001000101
0001111000010010001
0010000000001101111
0010000011100101010
0010001001110010001
0010001010011010100
0010010001010111000
0010011000101000110
0010011011000000011
0010100100101001001
0010100111000001100
0010111100001100000
0011000001011001100
0011000010110001001
0011001000100110010
0011010000000011011
0011011010010100000
0011101100000010100
0100000011101000101
0100010010110010010
0100011000100101001
0100100100100100110
0101000001010100011
0101001011000011000
0101010000001110100
0101100110011000000
0110000101001010010
0110010100010000101
0110100010000110001
0110101000010001010
0111110001100000000
