00000101000100000011011000100111
00000010100010100001101100010011
00000001010001110000110110001001
00000100101000011000011111000100
00000010010100101100001011100010
00000001001010110110000001110001
00000000100101011011000100111000
00000100010010001101100010011100
00000010001001000110110001001110
00110100000011101011000001000010
00011110000001010101100000100001
00101111000000001010110100010000
00110011100000000101011010001000
00011001110000100010101001000100
00101000111000110001010000100010
00110000011100011000101000010001
00011000001110101100010100001000
00101000000111010110001010000100
01100110001001100000001100101000
01010111000100110000000010010100
01001011100010011000000001001010
01100001110001001100000000100101
01010100111000000110000100010010
01001010011100000011000010001001
01100001001110000001100101000100
01010000100111000000110010100010
01001100010011000000011001010001
11100100010000010010100011100000
11010010001000001001010001110000
11001001000100000100101000111000
11100000100010100010010000011100
11010000010001010001001000001110
11001100001000101000100000000111
11100010000100010100010100000011
11010001000010001010001110000001
11001000100001100101000111000000
10100011011011000000000010010010
10010101101101000000000001001001
10001110110110000000000100100100
00011000000000000000000111111111
