000000011001101011111000100101
000000110011010111110001001010
000001001010000011001101011111
010100100111100001001001111000
000010010100000110011010111110
000010100000110011010111110001
000011001101011111000100101000
000011010111110001001010000011
000100000110011010111110001001
000100101000001100110101111100
000101000001100110101111100010
000101111100010010100000110011
000110011010111110001001010000
000110101111100010010100000110
000111110001001010000011001101
001000001100110101111100010010
001000100101000001100110101111
001001010000011001101011111000
001001101011111000100101000001
001111100010010100000110011010
001010111110001001010000011001
001011111000100101000001100110
001100010010100000110011010111
001100110101111100010010100000
001101011111000100101000001100
111110011000010000000101101001
001111000100101000001100110101
110101110010000001010110100100
011000001010101100001010101011
100011001110001000111001100010
011010001101000010101011010001
010101001001011000011010010110
100010001011110000100010111100
010011100000110100111000001101
011110000010010011101000100110
110000010111011100000100010101
101000000101111010001001001110
101111001000100011011010001000
001010000011001101011111000100
110001010100100010110101011000
100100101100010101001011000101
000001100110101111100010010100
011101000100001111010001000011
100110000001001101101000011011
110010111000001110100110000010
101001100011000110011000110001
