$EXEC orbit
(0,1)(2,3)(4,5)(6,7)(8,9)(10,11)(12,13)(14,15)
(0,2)(1,3)(4,6)(5,7)(8,10)(9,11)(12,14)(13,15)
(0,4)(1,5)(2,6)(3,7)(8,12)(9,13)(10,14)(11,15)
(0,8)(1,9)(2,10)(3,11)(4,12)(5,13)(6,14)(7,15)
(1,2,3)(5,6,7)(9,10,11)(13,14,15)(16,17,18)
(2,3)(6,7)(8,12)(9,13)(10,15)(11,14)(17,18)
..
00001110100000100100
00001100101010010000
11001100000011000000
01101010000001010000
01101000001000101000
00001110000100010001
11001001011000000000
11001000100000010001
11001000000100100100
01101100110000000000
