01100001001100111111001100000
01101010000110001110000111100
11000101010011000100010001111
00010001101111110110010010000
00111110001110110001011000000
00100100101110001100011110001
01110000010100010011111001001
11000100000100011101010110110
10010101010100111100011000001
10001110100011011000011001001
10001000011101100001011001011
00001010111000110010111011000
00110100100001111001101100001
10000111011000010111000100101
10110110100100001010100110010
00111001100110011000110000011
11001000010101101100100010101
01100011001111100001100010100
11001010010110110010001100001
01100000011011100110001011001
10101000111001010000001110101
10111100001011000010010010011
01101100011011010011100100000
10001100100000000110110111101
01001001100011000111100010011
00000111011110111010100000010
10000101011011001001101010001
10100011000001000001111101101
00010110000110010110010101011
11110101111000000000110100001
01101001100000101001010110101
10101110001101000100101011000
11000101101100010011100011000
00001001001100010101111010101
01000011101011010000110101010
01011110100010001101110100000
01010101011010011100000111000
00110011001000011001101011010
00001100100110101011010011010
01010011100100100101000111010
01011000111100010100011100010
10110010011001101101001000100
00000000110111011010100111001
01010100010111110001000010011
10000010001101011010001101110
10111011100010100010010101000
00011011010011100000011010101
11011000011010011001010000101
00010100000101001000111011111
10000000110001110111000011110
01100100100110000001100101111
00110000011100011110000010111
01111100000101100010001101010
11010001100001010110001101001
00010111010001001111010010010
00000100001010111101001001111
00100001000100110010110111110
11011001001101000000010111100
10100010010110011000111010100
10110100010010001010001101101
11010100001011101000100100110
10000001100110101110000100111
00101010111100100011000100110
00011100101001011110100001010
10100100101000100001111010110
01010000110000100010101110111
01101000110111110000010001100
10000011100101110000101010011
00001000011011001100111101100
10100101001111110000000101001
10001001001010111000011110010
00101001101000100100101101011
01001010010000011111101000110
10100000110101100110111100000
00100011000111101100011001010
11110001010000101110100001010
00000110001001100011100111011
11000110000111000011111000010
10010100000011100101011111000
01000001101000001110011011110
01001100101110100110101000100
10001111110100000001011110000
00011110101010000000001111110
01110001000011001010111110000
00000011100011011101001110100
00100010010000110101011110011
10011001000101001101101100010
10011011000110010011000010110
00000101011101100100001110110
11110010000011110100110000001
00001011001111001011010100001
00101101010101000011000011101
11111111010111001000000000000
00011010010111100111100001000
00100000010011101011110000111
11110010110001000000011011010
01111011101100000010001010001
10000010110010101001101101010
10010110000000111011110001100
01000101010101101001110101000
01100010011000111000100101101
11111001101001110001000000010
10101001101110001001001001100
01111000111000000101100011100
00110110100010100111000010101
01000010111100001001110010011
11001100101000001011001100011
00010011101100101000111100100
11100011001001001100000110011
11011110100100100000010000111
10010011101010000101011000011
10011101111000101010000010100
00111000110011101100000110010
11100001001010010010101000111
01100111110010000110001100010
00110001001011000111000101110
11111110000000010001000111001
10101010111010001110100000001
11000010111010100100010110100
00011000010100111001001111100
10010000111110000010110001110
00010000111000101111010101001
10110100100111010100001000110
01010111011001000010101001100
10101111010000110000001001110
01001110101101111000000110000
10011000010010010100101011011
10101100000100110111100000011
11001011000001101011001011000
01000110000001101110011100101
00010101010010010001111100110
11001001000010110101100101100
00011011000000111110100110001
00100110101101010010110000101
01001111111010100001000001001
10001011001001100110110000110
11010000110110001111001010000
11010011100010001000100011101
00110010011111000000101100011
01011100100001010011011010100
01101110001001001001010001110
00100101111001010101011001000
01000110110100010100001011101
11100010011110010101000001010
00110101110110100000101011000
10011000101110100001100110001
11010010110101010001100100100
01010101101101001101000000101
10100001000010011111010011001
01100101110001011000100010110
01101110000010101000101010011
11010110001000110110001010010
00001101110001110010010100011
