01110011110000000011110011
11011100111100000000111100
00110111001111000000001111
11001101110011110000000011
11110011011100111100000000
00111100110111001111000000
00001111001101110011110000
00000011110011011100111100
00000000111100110111001111
11000000001111001101110011
11110000000011110011011100
00111100000000111100110111
11001111000000001111001101
01001100001111111100001100
00010011000011111111000011
11000100110000111111110000
00110001001100001111111100
00001100010011000011111111
11000011000100110000111111
11110000110001001100001111
11111100001100010011000011
11111111000011000100110000
00111111110000110001001100
00001111111100001100010011
11000011111111000011000100
00110000111111110000110001
01010101010101010101010101
01010101101010101010101001
10101010010101011010101001
10101010101010100101010101
01010110010101100110101010
10101001101010010110101010
01010110101010011001010110
10100110100110101010100110
01011001011001011010100110
01011001100110100101011010
01011010011010010110011001
01011010100101101001100101
01100101011010100110010110
10011010011010101001101010
01100101100101011001101010
01100110010110101001011001
01100110101001010110100101
01101001011001100101101001
01101001100110011010010101
01101010010110010101100110
01101010101001101010011010
10010101010110011010011010
10010101101001100101100110
10010110011001101010010101
10010110100110010101101001
10011001010110100110100101
10011001101001011001011001
10011010100101010110010110
10100101011010011001100101
10100101100101100110011001
10100110011001010101011010
10101001010101101001010110
