01100000110101000010001000
00100000001110110010010000
00010000010100011010100001
00011001100100000110010000
10111000000001110000100000
11000001000110010001100000
00110100110000100000010001
00010000100010101011001000
00001000000001101010010101
10100010010010100000001100
10000000001010101000100011
01001100100000001010100010
00010101001101101000000000
01000111110000000101000000
10000000100101100101000100
00010001000010110100000101
00101010101000101100000000
00111000001000000010001011
00000001111000100010100100
01000010100011100000110000
00010010010001100110000010
00001101001000010000110001
01000000101100001001010001
00100000000101001100110010
00000011010101010000010100
00101000100110000000100101
01110001000000000000111100
10000101100010001000010100
00000011101110000000001010
11101110000100000000010000
00101100010000010110000100
00001001010011001100001000
00000001001000011111000010
00000000011001110001001001
01001011000000110010001000
00101101000010100001000010
00011110100001000000001100
11000000010000111100010000
00001010001101000011100000
10100100101000000001101000
00000110011000001010011000
11000100010001000000100101
01100010011000010000100010
10010101010000010000001010
00011010000010011000010010
00000000000011010010101110
10100001011100000100000001
10011100000000001101000001
01000010000110001110000100
01000001010010000010010011
11110000100010000100000010
00000100101011000110000001
01011000010100000001000110
10010000000111000000011001
01100000000000100111100001
01000100001000100100001110
10001011000000000100100110
00010000011010000101110000
00000101000100000011001101
00000110000000111001100100
00100010100000000011010110
01100100000010011000001001
10001000001100011000001100
10001000111001000000010010
11000010000001001001001010
00110010000100010101001000
00010001100001000001100011
01010100000001010011010000
