0010010010100011000100001
0110100110000100000010001
0100010000000010001010111
0000000110000001100001111
0011000000010001010010011
0000100000000101011100101
0011110000001000000001101
1100100000010011000001001
0010001000010110100000101
0101010001000101100000001
0110000000100000111001001
0101000100110000000100101
0000000011001110001001001
1000111010000000101000001
0000001010101000010010101
0010001100001000001100011
1100000011000000010100011
0000100101011000110000001
1001000000101010100000011
1000010000011100000110001
0000011001110000000001011
0001101001000010000110001
1000000101100001001010001
1001001100000100010001001
0100000001110110010010000
0000000000011010010101110
0110111000010000010100000
0001010001101000011100000
1000010000110001110000100
0000110011000001010011000
0101100010000010110000100
0010010010001100110000010
0000001001000011111000010
1010100000001010011010000
1100000100000110101100000
1000001110010010000010010
0111000101000010000001010
0000101100100010001001100
1100010110101000000001000
0001000100001111000010100
0010010100010101001001000
0000011111000100000100100
1001110100000001000100010
0011011100100000100010000
1111001000000001001000100
1011100011110000000000000
0101100000011100001000010
0000001000101101100101000
0001000010010000101111000
0110000001001000100110100
1010000000100100000011110
