111111111111000000000000
111111000000111111000000
111100110000110000111100
000011111100111100110000
110000110011001111110000
110000001111111100001100
001100001111110011110000
110011001100000011111100
000011110011110011001100
001111000011001100111100
001100111100001111001100
101010101010101010101010
010101010101101010101010
010101101010010101101010
010110011010011010010110
101001010110010110011010
011010011001100101011010
011010100101010110100110
100110100101011001011010
011001100110101001010110
101001011001011001100110
100101101001100110010110
100110010110100101100110
000000000000111111111111
000000111111000000111111
000011001111001111000011
111100000011000011001111
001111001100110000001111
001111110000000011110011
110011110000001100001111
001100110011111100000011
111100001100001100110011
110000111100110011000011
110011000011110000110011
010101010101010101010101
101010101010010101010101
101010010101101010010101
101001100101100101101001
010110101001101001100101
100101100110011010100101
100101011010101001011001
011001011010100110100101
100110011001010110101001
010110100110100110011001
011010010110011001101001
011001101001011010011001
