$EXEC orbitx
(20,19)(17,16)(14,13)(11,10)(8,7)(5,4)(2,1)
(20,11,17)(19,9,16,18,10,15)(14,8,5)(13,6,4,12,7,3)(1,0)
(20,16,3)(19,15,5)(18,17,4)(14,13,12)(11,1,6)(10,0,8)(9,2,7)
..
001001010110100000000
001010100011100000000
001011110000100000000
001100110100100000000
001111010100000000000
010001001100010100000
010001001110100000000
010011010100100000000
010100001010100100000
010100010100110000000
010101110100000000000
010110100010100000000
011100010010100000000
011100111000000000000
100001010011100000000
100010010110100000000
100011011100000000000
100011100100100000000
100100001100010100000
100100101010100000000
100100111100000000000
101000001100110000000
101100100110000000000
110000110110000000000
110101010000100000000
110110000110000000000
110110110000000000000
111000011100000000000
111100100000100000000
..
000001001001001001001
000010010010010010010
000100100100100100100
